       1
      25       1       1
      0.30000001    
      0.21210000    
      0.15000001    
      0.10610000    
      0.75000003E-01
      0.53029999E-01
      0.37500001E-01
      0.26520001E-01
      0.18750001E-01
      0.13260000E-01
      0.93750004E-02
      0.66290000E-02
      0.46879998E-02
      0.33150001E-02
      0.23439999E-02
      0.16570000E-02
      0.11720000E-02
      0.82860002E-03
      0.58589998E-03
      0.41430001E-03
      0.29299999E-03
      0.20720001E-03
      0.14650000E-03
      0.10360000E-03
      0.73240000E-04
       1
       1       1
       2.7000000    
       1       1
Ore 
       1.0000000    
       1.0000000    
       1       2  FAGM
      17
      0.80000001           3.7230000          0.74800003           0.0000000    
       1.5000000          0.72000003           1.0000000           2.5130000    
       74.400002           1.2700000           1.0000000          0.47999999    
       1.5000000           40.000000           75.000000           50.000000    
       20.000000    
       27.778000           27.778000           2505.4243           0.0000000    
       0.0000000           0.0000000           0.0000000           0.0000000    
      0.55797701E-03       0.0000000          0.20484975           0.0000000    
      0.23789100E-01       0.0000000           8.7983761           0.0000000    
      0.25141901           0.0000000           95.756233           0.0000000    
      0.97881299           0.0000000           400.28882           0.0000000    
       1.8219900           0.0000000           843.46002           0.0000000    
       1.8943501           0.0000000           1060.0542           0.0000000    
       1.6779600           3.3665614           45.779922           0.0000000    
       1.7639900           1.9028964           11.739307           0.0000000    
       1.7684300           1.8273126           7.2882094           0.0000000    
       1.8630100           1.8953608           5.5864215           0.0000000    
       2.6006000           2.5977120           6.0707603           0.0000000    
       2.0347400           2.0325522           3.9352236           0.0000000    
       1.6727901           1.6591945           2.7421885           0.0000000    
       1.5789300           1.5410373           2.2216430           0.0000000    
       1.3080900           1.2612747           1.6123761           0.0000000    
       1.0900100           1.0381776           1.1920627           0.0000000    
      0.90831298          0.88878697          0.92636997           0.0000000    
      0.75686699           1.2276959           1.2276959           0.0000000    
      0.63069898           1.0554923           1.0554923           0.0000000    
      0.52556002          0.91223836          0.91223836           0.0000000    
      0.43794799          0.78114456          0.78114456           0.0000000    
      0.36494699          0.66271877          0.66271877           0.0000000    
      0.30408600          0.55506521          0.55506521           0.0000000    
      0.25340199          0.46161649          0.46161649           0.0000000    
       1.2666200           2.1110723           2.1110723           0.0000000    
F       0.0000000           0.0000000    
