   10
Unconditional spectrum for stream   24
   1 0.02307 0.01877 0.00098 0.00033 0.00010 0.00001 0.00000 0.00000 0.00000 0.00000
   2 0.03115 0.02533 0.00135 0.00051 0.00020 0.00002 0.00000 0.00000 0.00000 0.00000
   3 0.05159 0.03362 0.00794 0.00191 0.00040 0.00009 0.00000 0.00000 0.00000 0.00000
   4 0.06218 0.04058 0.00984 0.00278 0.00082 0.00029 0.00001 0.00000 0.00000 0.00000
   5 0.05535 0.04017 0.01121 0.00438 0.00108 0.00044 0.00002 0.00000 0.00000 0.00000
   6 0.04679 0.03392 0.00953 0.00395 0.00117 0.00074 0.00007 0.00001 0.00000 0.00000
   7 0.04716 0.02163 0.00607 0.00178 0.00050 0.00033 0.00005 0.00001 0.00000 0.00000
   8 0.03842 0.01766 0.00473 0.00060 0.00009 0.00007 0.00002 0.00000 0.00000 0.00000
   9 0.03393 0.01564 0.00463 0.00084 0.00009 0.00007 0.00002 0.00001 0.00000 0.00000
  10 0.02943 0.01359 0.00430 0.00119 0.00012 0.00007 0.00003 0.00001 0.00000 0.00000
  11 0.02515 0.01162 0.00380 0.00141 0.00018 0.00007 0.00003 0.00002 0.00001 0.00000
  12 0.02124 0.00982 0.00325 0.00138 0.00026 0.00008 0.00003 0.00002 0.00002 0.00000
  13 0.01776 0.00820 0.00271 0.00122 0.00030 0.00011 0.00003 0.00002 0.00002 0.00001
  14 0.01463 0.00673 0.00221 0.00102 0.00029 0.00015 0.00003 0.00002 0.00002 0.00001
  15 0.00799 0.00149 0.00040 0.00014 0.00004 0.00004 0.00002 0.00001 0.00002 0.00002
  16 0.00792 0.00161 0.00048 0.00017 0.00005 0.00004 0.00001 0.00001 0.00001 0.00002
  17 0.00797 0.00174 0.00065 0.00028 0.00009 0.00008 0.00002 0.00001 0.00001 0.00002
  18 0.00715 0.00160 0.00064 0.00033 0.00013 0.00015 0.00005 0.00002 0.00002 0.00002
  19 0.00660 0.00140 0.00043 0.00051 0.00021 0.00027 0.00012 0.00005 0.00004 0.00003
  20 0.00601 0.00127 0.00039 0.00047 0.00020 0.00027 0.00014 0.00007 0.00007 0.00003
  21 0.00406 0.00086 0.00026 0.00032 0.00014 0.00019 0.00010 0.00005 0.00008 0.00014
  22 0.00340 0.00072 0.00022 0.00027 0.00012 0.00016 0.00009 0.00005 0.00009 0.00017
  23 0.00285 0.00060 0.00019 0.00023 0.00010 0.00013 0.00008 0.00004 0.00009 0.00020
  24 0.00239 0.00051 0.00016 0.00019 0.00008 0.00011 0.00006 0.00004 0.00008 0.00021
  25 0.01262 0.00268 0.00083 0.00101 0.00043 0.00059 0.00034 0.00020 0.00045 0.00130
Conditional-on-size spectra for stream   24
   1 0.53335 0.43385 0.02268 0.00759 0.00234 0.00017 0.00000 0.00000 0.00000 0.00000
   2 0.53194 0.43260 0.02298 0.00876 0.00338 0.00033 0.00001 0.00000 0.00000 0.00000
   3 0.53985 0.35182 0.08311 0.02003 0.00422 0.00094 0.00002 0.00000 0.00000 0.00000
   4 0.53375 0.34832 0.08451 0.02384 0.00706 0.00246 0.00007 0.00000 0.00000 0.00000
   5 0.49131 0.35659 0.09953 0.03892 0.00958 0.00386 0.00020 0.00001 0.00000 0.00000
   6 0.48650 0.35274 0.09910 0.04103 0.01215 0.00774 0.00068 0.00006 0.00000 0.00000
   7 0.60828 0.27894 0.07825 0.02301 0.00645 0.00429 0.00068 0.00010 0.00000 0.00000
   8 0.62390 0.28676 0.07673 0.00973 0.00143 0.00111 0.00027 0.00006 0.00001 0.00000
   9 0.61432 0.28311 0.08386 0.01518 0.00165 0.00127 0.00043 0.00014 0.00003 0.00000
  10 0.60377 0.27880 0.08828 0.02444 0.00239 0.00139 0.00058 0.00026 0.00009 0.00000
  11 0.59475 0.27490 0.08985 0.03325 0.00432 0.00160 0.00070 0.00038 0.00023 0.00001
  12 0.58849 0.27202 0.08994 0.03825 0.00725 0.00225 0.00081 0.00049 0.00044 0.00007
  13 0.58457 0.26990 0.08932 0.04021 0.00981 0.00375 0.00095 0.00059 0.00068 0.00021
  14 0.58265 0.26805 0.08804 0.04048 0.01135 0.00606 0.00129 0.00069 0.00092 0.00046
  15 0.78565 0.14682 0.03899 0.01421 0.00436 0.00409 0.00149 0.00083 0.00166 0.00190
  16 0.76676 0.15605 0.04645 0.01656 0.00472 0.00414 0.00136 0.00069 0.00136 0.00191
  17 0.73210 0.16022 0.05934 0.02617 0.00845 0.00756 0.00213 0.00084 0.00127 0.00192
  18 0.70738 0.15794 0.06346 0.03240 0.01277 0.01529 0.00515 0.00189 0.00169 0.00204
  19 0.68421 0.14470 0.04422 0.05298 0.02193 0.02757 0.01258 0.00487 0.00395 0.00298
  20 0.67329 0.14262 0.04383 0.05308 0.02238 0.02973 0.01570 0.00752 0.00815 0.00370
  21 0.65391 0.13862 0.04265 0.05192 0.02200 0.02982 0.01657 0.00883 0.01307 0.02261
  22 0.64304 0.13638 0.04202 0.05126 0.02178 0.02974 0.01687 0.00938 0.01705 0.03249
  23 0.63293 0.13428 0.04141 0.05057 0.02152 0.02949 0.01688 0.00957 0.01956 0.04380
  24 0.62427 0.13247 0.04087 0.04995 0.02128 0.02921 0.01680 0.00962 0.02099 0.05454
  25 0.61732 0.13101 0.04044 0.04943 0.02107 0.02896 0.01671 0.00962 0.02180 0.06364
