   10
Stream    1
    1            0.4610    
    2            0.2536    
    3            0.7025E-01
    4            0.3631E-01
    5            0.1875E-01
    6            0.3455E-01
    7            0.2394E-01
    8            0.1698E-01
    9            0.3811E-01
   10            0.4647E-01
Stream    2
    1            0.5204    
    2            0.2063    
    3            0.7196E-01
    4            0.4164E-01
    5            0.1681E-01
    6            0.2392E-01
    7            0.1621E-01
    8            0.1268E-01
    9            0.2689E-01
   10            0.6341E-01
Stream    3
    1            0.5204    
    2            0.2063    
    3            0.7196E-01
    4            0.4164E-01
    5            0.1681E-01
    6            0.2392E-01
    7            0.1621E-01
    8            0.1268E-01
    9            0.2689E-01
   10            0.6341E-01
Stream    4
    1            0.5169    
    2            0.2122    
    3            0.7396E-01
    4            0.4187E-01
    5            0.1682E-01
    6            0.2391E-01
    7            0.1637E-01
    8            0.1296E-01
    9            0.2711E-01
   10            0.5751E-01
Stream    5
    1            0.5053    
    2            0.2304    
    3            0.7984E-01
    4            0.4281E-01
    5            0.1697E-01
    6            0.2399E-01
    7            0.1690E-01
    8            0.1383E-01
    9            0.2785E-01
   10            0.4207E-01
Stream    6
    1            0.5442    
    2            0.2488    
    3            0.8619E-01
    4            0.4607E-01
    5            0.1824E-01
    6            0.2572E-01
    7            0.1790E-01
    8            0.1165E-01
    9            0.2924E-03
   10            0.1018E-02
Stream    7
    1            0.5642    
    2            0.1239    
    3            0.4427E-01
    4            0.3821E-01
    5            0.1647E-01
    6            0.2381E-01
    7            0.1401E-01
    8            0.8810E-02
    9            0.2358E-01
   10            0.1429    
Stream    8
    1            0.5734    
    2            0.1257    
    3            0.4599E-01
    4            0.3742E-01
    5            0.1616E-01
    6            0.2359E-01
    7            0.1387E-01
    8            0.8812E-02
    9            0.2363E-01
   10            0.1316    
Stream   10
    1            0.5053    
    2            0.2304    
    3            0.7984E-01
    4            0.4281E-01
    5            0.1697E-01
    6            0.2399E-01
    7            0.1690E-01
    8            0.1383E-01
    9            0.2785E-01
   10            0.4207E-01
Stream   12
    1            0.4220    
    2            0.2847    
    3            0.6913E-01
    4            0.3282E-01
    5            0.2002E-01
    6            0.4152E-01
    7            0.2900E-01
    8            0.1981E-01
    9            0.4548E-01
   10            0.3536E-01
Stream   13
    1            0.4220    
    2            0.2847    
    3            0.6913E-01
    4            0.3282E-01
    5            0.2002E-01
    6            0.4152E-01
    7            0.2900E-01
    8            0.1981E-01
    9            0.4548E-01
   10            0.3536E-01
Stream   14
    1            0.5972    
    2            0.3367    
    3            0.4908E-01
    4            0.1106E-01
    5            0.2188E-02
    6            0.1348E-02
    7            0.4668E-03
    8            0.2473E-03
    9            0.3838E-03
   10            0.1407E-02
Stream   15
    1            0.1697    
    2            0.2099    
    3            0.9808E-01
    4            0.6422E-01
    5            0.4573E-01
    6            0.9946E-01
    7            0.7016E-01
    8            0.4801E-01
    9            0.1105    
   10            0.8432E-01
Stream   16
    1            0.3391E-01
    2            0.7569E-02
    3            0.2643E-02
    4            0.3340E-02
    5            0.1598E-02
    6            0.2913E-02
    7            0.4751E-02
    8            0.4025E-01
    9            0.3625    
   10            0.5405    
Stream   18
    1            0.5707    
    2            0.1251    
    3            0.4548E-01
    4            0.3766E-01
    5            0.1625E-01
    6            0.2366E-01
    7            0.1391E-01
    8            0.8812E-02
    9            0.2361E-01
   10            0.1350    
Stream   19
    1            0.6204    
    2            0.1359    
    3            0.4912E-01
    4            0.4055E-01
    5            0.1732E-01
    6            0.2442E-01
    7            0.1333E-01
    8            0.7468E-02
    9            0.1526E-01
   10            0.7629E-01
Stream   20
    1            0.2230E-01
    2            0.6991E-02
    3            0.5353E-02
    4            0.5721E-02
    5            0.4467E-02
    6            0.1528E-01
    7            0.2029E-01
    8            0.2360E-01
    9            0.1156    
   10            0.7806    
Stream   21
    1            0.5972    
    2            0.7365E-02
    3            0.4687E-01
    4            0.1081E-01
    5            0.1744E-02
    6            0.4046E-03
    7            0.2957E-03
    8            0.2473E-03
    9            0.3794E-03
   10            0.1106E-02
Matrix    21   10
   10.4610.2540.0700.0360.0190.0350.0240.0170.0380.046
   20.5200.2060.0720.0420.0170.0240.0160.0130.0270.063
   30.5200.2060.0720.0420.0170.0240.0160.0130.0270.063
   40.5170.2120.0740.0420.0170.0240.0160.0130.0270.058
   50.5050.2300.0800.0430.0170.0240.0170.0140.0280.042
   60.5440.2490.0860.0460.0180.0260.0180.0120.0000.001
   70.5640.1240.0440.0380.0160.0240.0140.0090.0240.143
   80.5730.1260.0460.0370.0160.0240.0140.0090.0240.132
  100.5050.2300.0800.0430.0170.0240.0170.0140.0280.042
  120.4220.2850.0690.0330.0200.0420.0290.0200.0450.035
  130.4220.2850.0690.0330.0200.0420.0290.0200.0450.035
  140.5970.3370.0490.0110.0020.0010.0000.0000.0000.001
  150.1700.2100.0980.0640.0460.0990.0700.0480.1110.084
  160.0340.0080.0030.0030.0020.0030.0050.0400.3620.541
  180.5710.1250.0450.0380.0160.0240.0140.0090.0240.135
  190.6200.1360.0490.0410.0170.0240.0130.0070.0150.076
  200.0220.0070.0050.0060.0040.0150.0200.0240.1160.781
  210.5970.0070.0470.0110.0020.0000.0000.0000.0000.001
