ex1bV3                                                                          
   1   2  25  10
Ash 
Comb
0.2960E-010.9704    
0.5930E-010.9407    
0.1104    0.8896    
0.1607    0.8393    
0.2278    0.7722    
0.2899    0.7101    
0.3643    0.6357    
0.4571    0.5429    
0.5899    0.4101    
0.8152    0.1848    
   31
 1.303     1.325     1.375     1.425     1.475     1.550     1.650     1.750    
 1.985     2.534     50.00     34.45     33.23     31.05     29.08     26.57    
 24.16     21.22     17.43     12.32     4.303    0.9900     1.130     1.830    
 1.680     1.260    0.9100    0.8300    0.5800    0.8800     2.380    
   1  14   0  14  25   1   2
   1
  22  24
  25  10   1
  0.7500E-01  0.5303E-01  0.3750E-01  0.2652E-01  0.1875E-01  0.1326E-01
  0.9375E-02  0.6629E-02  0.4688E-02  0.3315E-02  0.2344E-02  0.1657E-02
  0.1172E-02  0.8286E-03  0.5859E-03  0.4143E-03  0.2930E-03  0.2072E-03
  0.1465E-03  0.1036E-03  0.7324E-04  0.5179E-04  0.3662E-04  0.2590E-04
  0.1831E-04
 2 2   2   1
 11.00     1.301    
   1   1  25
   0.0000       0.0000       0.0000       0.0000       0.0000       0.0000    
  0.50680      0.75980      0.67297      0.58643      0.50431      0.42906    
  0.36185      0.30302      0.26936      0.19913      0.17369      0.15122    
  0.13923      0.12709      0.86228E-01  0.72382E-01  0.60857E-01  0.51166E-01
  0.27017    
   1   2  25
   0.0000       0.0000       0.0000       0.0000       0.0000       0.0000    
  0.23577      0.35347      0.31307      0.27281      0.23461      0.19960    
  0.16834      0.14097      0.60713E-01  0.44883E-01  0.39149E-01  0.34085E-01
  0.29590E-01  0.27009E-01  0.18324E-01  0.15382E-01  0.12932E-01  0.10873E-01
  0.57413E-01
   1   3  25
   0.0000       0.0000       0.0000       0.0000       0.0000       0.0000    
  0.81612E-01  0.12235      0.10837      0.94435E-01  0.81211E-01  0.69092E-01
  0.58270E-01  0.48796E-01  0.25226E-01  0.18648E-01  0.16266E-01  0.14162E-01
  0.91752E-02  0.83748E-02  0.56734E-02  0.47624E-02  0.40041E-02  0.33665E-02
  0.17776E-01
   1   4  25
   0.0000       0.0000       0.0000       0.0000       0.0000       0.0000    
  0.43325E-01  0.64953E-01  0.57530E-01  0.50132E-01  0.43112E-01  0.36679E-01
  0.30933E-01  0.25904E-01  0.13682E-01  0.10114E-01  0.88223E-02  0.76812E-02
  0.11240E-01  0.10259E-01  0.69596E-02  0.58420E-02  0.49118E-02  0.41297E-02
  0.21806E-01
   1   5  25
   0.0000       0.0000       0.0000       0.0000       0.0000       0.0000    
  0.17128E-01  0.25679E-01  0.22744E-01  0.19820E-01  0.17044E-01  0.14501E-01
  0.12229E-01  0.10241E-01  0.59858E-02  0.44251E-02  0.38598E-02  0.33605E-02
  0.48170E-02  0.43968E-02  0.29776E-02  0.24995E-02  0.21015E-02  0.17669E-02
  0.93296E-02
   1   6  25
   0.0000       0.0000       0.0000       0.0000       0.0000       0.0000    
  0.24181E-01  0.36253E-01  0.32110E-01  0.27981E-01  0.24062E-01  0.20472E-01
  0.17265E-01  0.14458E-01  0.94063E-02  0.69537E-02  0.60653E-02  0.52808E-02
  0.66520E-02  0.60717E-02  0.41229E-02  0.34608E-02  0.29098E-02  0.24464E-02
  0.12918E-01
   1   7  25
   0.0000       0.0000       0.0000       0.0000       0.0000       0.0000    
  0.17128E-01  0.25679E-01  0.22744E-01  0.19820E-01  0.17044E-01  0.14501E-01
  0.12229E-01  0.10241E-01  0.55583E-02  0.41090E-02  0.35841E-02  0.31205E-02
  0.38995E-02  0.35593E-02  0.24138E-02  0.20262E-02  0.17036E-02  0.14323E-02
  0.75630E-02
   1   8  25
   0.0000       0.0000       0.0000       0.0000       0.0000       0.0000    
  0.14106E-01  0.21148E-01  0.18731E-01  0.16322E-01  0.14036E-01  0.11942E-01
  0.10071E-01  0.84339E-02  0.38480E-02  0.28447E-02  0.24813E-02  0.21603E-02
  0.22938E-02  0.20937E-02  0.14271E-02  0.11980E-02  0.10072E-02  0.84684E-03
  0.44716E-02
   1   9  25
   0.0000       0.0000       0.0000       0.0000       0.0000       0.0000    
  0.28212E-01  0.42295E-01  0.37461E-01  0.32644E-01  0.28073E-01  0.23884E-01
  0.20143E-01  0.16868E-01  0.10261E-01  0.75858E-02  0.66167E-02  0.57609E-02
  0.61933E-02  0.56530E-02  0.38410E-02  0.32242E-02  0.27108E-02  0.22792E-02
  0.12035E-01
   1  10  25
   0.0000       0.0000       0.0000       0.0000       0.0000       0.0000    
  0.39295E-01  0.58911E-01  0.52178E-01  0.45469E-01  0.39102E-01  0.33267E-01
  0.28056E-01  0.23494E-01  0.23516E-01  0.17384E-01  0.15163E-01  0.13202E-01
  0.16286E-01  0.14865E-01  0.44224E-01  0.37123E-01  0.31212E-01  0.26242E-01
  0.13856    
 2 2  11   1
 16.78    0.6991    
   1   1  25
  0.50706      0.68550       1.1363       1.3707       1.2229       1.0397    
  0.53948      0.84423E-01  0.74774E-01  0.65159E-01  0.56035E-01  0.47673E-01
  0.40206E-01  0.33669E-01  0.29929E-01  0.22125E-01  0.19299E-01  0.16803E-01
  0.15471E-01  0.14121E-01  0.95809E-02  0.80424E-02  0.67619E-02  0.56851E-02
  0.30019E-01
   1   2  25
  0.41829      0.56550      0.75038      0.90517      0.89780      0.76330    
  0.25097      0.39274E-01  0.34786E-01  0.30313E-01  0.26068E-01  0.22178E-01
  0.18704E-01  0.15663E-01  0.67459E-02  0.49870E-02  0.43499E-02  0.37872E-02
  0.32878E-02  0.30010E-02  0.20360E-02  0.17091E-02  0.14369E-02  0.12081E-02
  0.63792E-02
   1   3  25
  0.25555E-01  0.34548E-01  0.19831      0.23922      0.26845      0.22823    
  0.86875E-01  0.13595E-01  0.12041E-01  0.10493E-01  0.90235E-02  0.76769E-02
  0.64744E-02  0.54218E-02  0.28029E-02  0.20721E-02  0.18074E-02  0.15736E-02
  0.10195E-02  0.93053E-03  0.63037E-03  0.52915E-03  0.44490E-03  0.37405E-03
  0.19751E-02
   1   4  25
  0.18830E-01  0.25456E-01  0.77718E-01  0.93750E-01  0.13124      0.11158    
  0.46119E-01  0.72170E-02  0.63922E-02  0.55703E-02  0.47902E-02  0.40754E-02
  0.34371E-02  0.28782E-02  0.15202E-02  0.11238E-02  0.98026E-03  0.85346E-03
  0.12489E-02  0.11399E-02  0.77329E-03  0.64911E-03  0.54576E-03  0.45885E-03
  0.24229E-02
   1   5  25
  0.32280E-01  0.43639E-01  0.53599E-01  0.64655E-01  0.56672E-01  0.48182E-01
  0.18233E-01  0.28533E-02  0.25272E-02  0.22022E-02  0.18938E-02  0.16112E-02
  0.13588E-02  0.11379E-02  0.66509E-03  0.49167E-03  0.42886E-03  0.37339E-03
  0.53522E-03  0.48853E-03  0.33085E-03  0.27772E-03  0.23350E-03  0.19632E-03
  0.10366E-02
   1   6  25
  0.53800E-01  0.72733E-01  0.14472      0.17457      0.10738      0.91291E-01
  0.25741E-01  0.40281E-02  0.35678E-02  0.31090E-02  0.26736E-02  0.22747E-02
  0.19184E-02  0.16065E-02  0.10451E-02  0.77263E-03  0.67393E-03  0.58676E-03
  0.73912E-03  0.67463E-03  0.45810E-03  0.38454E-03  0.32331E-03  0.27183E-03
  0.14353E-02
   1   7  25
  0.49765E-01  0.67278E-01  0.91118E-01  0.10991      0.71586E-01  0.60861E-01
  0.18233E-01  0.28533E-02  0.25272E-02  0.22022E-02  0.18938E-02  0.16112E-02
  0.13588E-02  0.11379E-02  0.61759E-03  0.45655E-03  0.39823E-03  0.34672E-03
  0.43328E-03  0.39548E-03  0.26820E-03  0.22514E-03  0.18929E-03  0.15915E-03
  0.84033E-03
   1   8  25
  0.39005E-01  0.52731E-01  0.50919E-01  0.61422E-01  0.53689E-01  0.45646E-01
  0.15015E-01  0.23497E-02  0.20812E-02  0.18136E-02  0.15596E-02  0.13269E-02
  0.11190E-02  0.93710E-03  0.42756E-03  0.31608E-03  0.27570E-03  0.24004E-03
  0.25487E-03  0.23263E-03  0.15857E-03  0.13311E-03  0.11192E-03  0.94093E-04
  0.49684E-03
   1   9  25
  0.12105      0.16365      0.10720      0.12931      0.98430E-01  0.83684E-01
  0.30031E-01  0.46995E-02  0.41624E-02  0.36272E-02  0.31192E-02  0.26538E-02
  0.22381E-02  0.18742E-02  0.11402E-02  0.84287E-03  0.73519E-03  0.64010E-03
  0.68814E-03  0.62811E-03  0.42678E-03  0.35825E-03  0.30120E-03  0.25324E-03
  0.13372E-02
   1  10  25
  0.79355E-01  0.10728      0.69678E-01  0.84052E-01  0.74569E-01  0.63397E-01
  0.41828E-01  0.65457E-02  0.57976E-02  0.50521E-02  0.43446E-02  0.36963E-02
  0.31173E-02  0.26105E-02  0.26129E-02  0.19316E-02  0.16848E-02  0.14669E-02
  0.18096E-02  0.16517E-02  0.49138E-02  0.41247E-02  0.34680E-02  0.29157E-02
  0.15396E-01
 2 2  12   9
 16.78     39.15    
   1   1  25
  0.50706      0.68550       1.1363       1.3707       1.2229       1.0397    
  0.53948      0.84423E-01  0.74774E-01  0.65159E-01  0.56035E-01  0.47673E-01
  0.40206E-01  0.33669E-01  0.29929E-01  0.22125E-01  0.19299E-01  0.16803E-01
  0.15471E-01  0.14121E-01  0.95809E-02  0.80424E-02  0.67619E-02  0.56851E-02
  0.30019E-01
   1   2  25
  0.41829      0.56550      0.75038      0.90517      0.89780      0.76330    
  0.25097      0.39274E-01  0.34786E-01  0.30313E-01  0.26068E-01  0.22178E-01
  0.18704E-01  0.15663E-01  0.67459E-02  0.49870E-02  0.43499E-02  0.37872E-02
  0.32878E-02  0.30010E-02  0.20360E-02  0.17091E-02  0.14369E-02  0.12081E-02
  0.63792E-02
   1   3  25
  0.25555E-01  0.34548E-01  0.19831      0.23922      0.26845      0.22823    
  0.86875E-01  0.13595E-01  0.12041E-01  0.10493E-01  0.90235E-02  0.76769E-02
  0.64744E-02  0.54218E-02  0.28029E-02  0.20721E-02  0.18074E-02  0.15736E-02
  0.10195E-02  0.93053E-03  0.63037E-03  0.52915E-03  0.44490E-03  0.37405E-03
  0.19751E-02
   1   4  25
  0.18830E-01  0.25456E-01  0.77718E-01  0.93750E-01  0.13124      0.11158    
  0.46119E-01  0.72170E-02  0.63922E-02  0.55703E-02  0.47902E-02  0.40754E-02
  0.34371E-02  0.28782E-02  0.15202E-02  0.11238E-02  0.98026E-03  0.85346E-03
  0.12489E-02  0.11399E-02  0.77329E-03  0.64911E-03  0.54576E-03  0.45885E-03
  0.24229E-02
   1   5  25
  0.32280E-01  0.43639E-01  0.53599E-01  0.64655E-01  0.56672E-01  0.48182E-01
  0.18233E-01  0.28533E-02  0.25272E-02  0.22022E-02  0.18938E-02  0.16112E-02
  0.13588E-02  0.11379E-02  0.66509E-03  0.49167E-03  0.42886E-03  0.37339E-03
  0.53522E-03  0.48853E-03  0.33085E-03  0.27772E-03  0.23350E-03  0.19632E-03
  0.10366E-02
   1   6  25
  0.53800E-01  0.72733E-01  0.14472      0.17457      0.10738      0.91291E-01
  0.25741E-01  0.40281E-02  0.35678E-02  0.31090E-02  0.26736E-02  0.22747E-02
  0.19184E-02  0.16065E-02  0.10451E-02  0.77263E-03  0.67393E-03  0.58676E-03
  0.73912E-03  0.67463E-03  0.45810E-03  0.38454E-03  0.32331E-03  0.27183E-03
  0.14353E-02
   1   7  25
  0.49765E-01  0.67278E-01  0.91118E-01  0.10991      0.71586E-01  0.60861E-01
  0.18233E-01  0.28533E-02  0.25272E-02  0.22022E-02  0.18938E-02  0.16112E-02
  0.13588E-02  0.11379E-02  0.61759E-03  0.45655E-03  0.39823E-03  0.34672E-03
  0.43328E-03  0.39548E-03  0.26820E-03  0.22514E-03  0.18929E-03  0.15915E-03
  0.84033E-03
   1   8  25
  0.39005E-01  0.52731E-01  0.50919E-01  0.61422E-01  0.53689E-01  0.45646E-01
  0.15015E-01  0.23497E-02  0.20812E-02  0.18136E-02  0.15596E-02  0.13269E-02
  0.11190E-02  0.93710E-03  0.42756E-03  0.31608E-03  0.27570E-03  0.24004E-03
  0.25487E-03  0.23263E-03  0.15857E-03  0.13311E-03  0.11192E-03  0.94093E-04
  0.49684E-03
   1   9  25
  0.12105      0.16365      0.10720      0.12931      0.98430E-01  0.83684E-01
  0.30031E-01  0.46995E-02  0.41624E-02  0.36272E-02  0.31192E-02  0.26538E-02
  0.22381E-02  0.18742E-02  0.11402E-02  0.84287E-03  0.73519E-03  0.64010E-03
  0.68814E-03  0.62811E-03  0.42678E-03  0.35825E-03  0.30120E-03  0.25324E-03
  0.13372E-02
   1  10  25
  0.79355E-01  0.10728      0.69678E-01  0.84052E-01  0.74569E-01  0.63397E-01
  0.41828E-01  0.65457E-02  0.57976E-02  0.50521E-02  0.43446E-02  0.36963E-02
  0.31173E-02  0.26105E-02  0.26129E-02  0.19316E-02  0.16848E-02  0.14669E-02
  0.18096E-02  0.16517E-02  0.49138E-02  0.41247E-02  0.34680E-02  0.29157E-02
  0.15396E-01
 2 2  18   8
 3.756     2.504    
   1   1  25
  0.46459E-02  0.71797E-02  0.12782E-01  0.16653E-01  0.17747E-01  0.20942E-01
  0.17191E-01  0.45391E-02  0.67158E-02  0.91640E-02  0.11275E-01  0.12531E-01
  0.12757E-01  0.12128E-01  0.11707E-01  0.91219E-02  0.82288E-02  0.73222E-02
  0.68391E-02  0.63025E-02  0.43041E-02  0.36290E-02  0.30606E-02  0.25787E-02
  0.13637E-01
   1   2  25
  0.96078E-02  0.13859E-01  0.18188E-01  0.21567E-01  0.23090E-01  0.24602E-01
  0.11609E-01  0.28071E-02  0.38514E-02  0.49441E-02  0.58079E-02  0.62459E-02
  0.62204E-02  0.58313E-02  0.27035E-02  0.20953E-02  0.18838E-02  0.16727E-02
  0.14710E-02  0.13544E-02  0.92427E-03  0.77898E-03  0.65677E-03  0.55325E-03
  0.29253E-02
   1   3  25
  0.41873E-02  0.52499E-02  0.25342E-01  0.24843E-01  0.24285E-01  0.20695E-01
  0.91042E-02  0.18088E-02  0.20994E-02  0.23580E-02  0.25064E-02  0.25117E-02
  0.23860E-02  0.21698E-02  0.11848E-02  0.90751E-03  0.80993E-03  0.71577E-03
  0.46832E-03  0.43030E-03  0.29281E-03  0.24655E-03  0.20773E-03  0.17491E-03
  0.92454E-03
   1   4  25
  0.11680E-01  0.14282E-01  0.36027E-01  0.33274E-01  0.35778E-01  0.25654E-01
  0.10160E-01  0.16908E-02  0.16857E-02  0.16780E-02  0.16304E-02  0.15332E-02
  0.13952E-02  0.12337E-02  0.67610E-03  0.51212E-03  0.45384E-03  0.39927E-03
  0.58829E-03  0.53946E-03  0.36711E-03  0.30883E-03  0.26005E-03  0.21886E-03
  0.11565E-02
   1   5  25
  0.30072E-01  0.39325E-01  0.44807E-01  0.46756E-01  0.33178E-01  0.22742E-01
  0.73927E-02  0.10810E-02  0.95504E-03  0.86040E-03  0.77466E-03  0.68941E-03
  0.60382E-03  0.52044E-03  0.31046E-03  0.23270E-03  0.20484E-03  0.17943E-03
  0.25824E-03  0.23635E-03  0.16036E-03  0.13479E-03  0.11342E-03  0.95422E-04
  0.50407E-03
   1   6  25
  0.53636E-01  0.72316E-01  0.14276      0.16834      0.97901E-01  0.75080E-01
  0.18504E-01  0.25456E-02  0.20443E-02  0.16717E-02  0.13854E-02  0.11556E-02
  0.96502E-03  0.80442E-03  0.52230E-03  0.38580E-03  0.33641E-03  0.29287E-03
  0.36891E-03  0.33673E-03  0.22865E-03  0.19194E-03  0.16138E-03  0.13568E-03
  0.71644E-03
   1   7  25
  0.49763E-01  0.67270E-01  0.91082E-01  0.10973      0.71101E-01  0.59430E-01
  0.17086E-01  0.24886E-02  0.20072E-02  0.15858E-02  0.12487E-02  0.98849E-03
  0.78908E-03  0.63506E-03  0.33541E-03  0.24351E-03  0.20992E-03  0.18136E-03
  0.22549E-03  0.20512E-03  0.13879E-03  0.11632E-03  0.97691E-04  0.82073E-04
  0.43314E-03
   1   8  25
  0.39005E-01  0.52731E-01  0.50918E-01  0.61418E-01  0.53664E-01  0.45523E-01
  0.14844E-01  0.22662E-02  0.19093E-02  0.15425E-02  0.12117E-02  0.94113E-03
  0.73234E-03  0.57503E-03  0.25024E-03  0.17903E-03  0.15277E-03  0.13108E-03
  0.13783E-03  0.12498E-03  0.84814E-04  0.70977E-04  0.59550E-04  0.49993E-04
  0.26371E-03
   1   9  25
  0.12105      0.16365      0.10720      0.12931      0.98430E-01  0.83682E-01
  0.30025E-01  0.46927E-02  0.41313E-02  0.35311E-02  0.29092E-02  0.23090E-02
  0.17855E-02  0.13692E-02  0.77227E-03  0.53888E-03  0.45113E-03  0.38183E-03
  0.40266E-03  0.36275E-03  0.24427E-03  0.20378E-03  0.17060E-03  0.14300E-03
  0.75350E-03
   1  10  25
  0.79355E-01  0.10728      0.69678E-01  0.84052E-01  0.74569E-01  0.63397E-01
  0.41828E-01  0.65457E-02  0.57975E-02  0.50503E-02  0.43322E-02  0.36448E-02
  0.29808E-02  0.23584E-02  0.21910E-02  0.15025E-02  0.12302E-02  0.10208E-02
  0.12163E-02  0.10835E-02  0.31688E-02  0.26285E-02  0.21917E-02  0.18320E-02
  0.96340E-02
 2 2  15   8
 13.02     36.64    
   1   1  25
  0.50242      0.67832       1.1235       1.3540       1.2052       1.0188    
  0.52229      0.79884E-01  0.68058E-01  0.55995E-01  0.44760E-01  0.35142E-01
  0.27448E-01  0.21541E-01  0.18222E-01  0.13003E-01  0.11070E-01  0.94804E-02
  0.86314E-02  0.78183E-02  0.52769E-02  0.44134E-02  0.37013E-02  0.31064E-02
  0.16382E-01
   1   2  25
  0.40869      0.55164      0.73219      0.88361      0.87471      0.73870    
  0.23936      0.36467E-01  0.30934E-01  0.25368E-01  0.20260E-01  0.15932E-01
  0.12483E-01  0.98317E-02  0.40424E-02  0.28917E-02  0.24661E-02  0.21145E-02
  0.18168E-02  0.16466E-02  0.11117E-02  0.93008E-03  0.78016E-03  0.65486E-03
  0.34539E-02
   1   3  25
  0.21368E-01  0.29298E-01  0.17297      0.21438      0.24416      0.20753    
  0.77770E-01  0.11786E-01  0.99418E-02  0.81348E-02  0.65170E-02  0.51652E-02
  0.40884E-02  0.32520E-02  0.16181E-02  0.11645E-02  0.99742E-03  0.85780E-03
  0.55115E-03  0.50023E-03  0.33756E-03  0.28260E-03  0.23716E-03  0.19914E-03
  0.10505E-02
   1   4  25
  0.71500E-02  0.11175E-01  0.41691E-01  0.60476E-01  0.95462E-01  0.85924E-01
  0.35959E-01  0.55262E-02  0.47065E-02  0.38922E-02  0.31599E-02  0.25422E-02
  0.20419E-02  0.16446E-02  0.84411E-03  0.61170E-03  0.52642E-03  0.45419E-03
  0.66056E-03  0.60044E-03  0.40617E-03  0.34028E-03  0.28571E-03  0.23999E-03
  0.12664E-02
   1   5  25
  0.22084E-02  0.43143E-02  0.87913E-02  0.17899E-01  0.23494E-01  0.25440E-01
  0.10840E-01  0.17722E-02  0.15721E-02  0.13418E-02  0.11192E-02  0.92181E-03
  0.75501E-03  0.61747E-03  0.35463E-03  0.25898E-03  0.22403E-03  0.19396E-03
  0.27699E-03  0.25218E-03  0.17049E-03  0.14294E-03  0.12008E-03  0.10090E-03
  0.53255E-03
   1   6  25
  0.16366E-03  0.41653E-03  0.19555E-02  0.62293E-02  0.94779E-02  0.16211E-01
  0.72362E-02  0.14825E-02  0.15235E-02  0.14373E-02  0.12882E-02  0.11191E-02
  0.95333E-03  0.80204E-03  0.52284E-03  0.38683E-03  0.33751E-03  0.29389E-03
  0.37021E-03  0.33791E-03  0.22945E-03  0.19260E-03  0.16193E-03  0.13614E-03
  0.71887E-03
   1   7  25
  0.21861E-05  0.76151E-05  0.35861E-04  0.18014E-03  0.48480E-03  0.14314E-02
  0.11469E-02  0.36463E-03  0.51996E-03  0.61636E-03  0.64514E-03  0.62272E-03
  0.56975E-03  0.50285E-03  0.28218E-03  0.21304E-03  0.18831E-03  0.16536E-03
  0.20778E-03  0.19036E-03  0.12942E-03  0.10882E-03  0.91597E-04  0.77073E-04
  0.40720E-03
   1   8  25
   0.0000      0.11629E-06  0.57665E-06  0.44738E-05  0.25771E-04  0.12231E-03
  0.17105E-03  0.83538E-04  0.17193E-03  0.27102E-03  0.34789E-03  0.38575E-03
  0.38670E-03  0.36207E-03  0.17732E-03  0.13704E-03  0.12293E-03  0.10896E-03
  0.11704E-03  0.10765E-03  0.73758E-04  0.62132E-04  0.52365E-04  0.44100E-04
  0.23313E-03
   1   9  25
   0.0000       0.0000       0.0000       0.0000      0.93871E-07  0.12969E-05
  0.55024E-05  0.67552E-05  0.31056E-04  0.96024E-04  0.20999E-03  0.34479E-03
  0.45259E-03  0.50503E-03  0.36789E-03  0.30399E-03  0.28407E-03  0.25827E-03
  0.28548E-03  0.26536E-03  0.18251E-03  0.15447E-03  0.13061E-03  0.11024E-03
  0.58367E-03
   1  10  25
   0.0000       0.0000       0.0000       0.0000       0.0000       0.0000    
   0.0000       0.0000      0.13166E-06  0.17571E-05  0.12426E-04  0.51481E-04
  0.13653E-03  0.25213E-03  0.42185E-03  0.42904E-03  0.45461E-03  0.44609E-03
  0.59321E-03  0.56822E-03  0.17450E-02  0.14962E-02  0.12763E-02  0.10837E-02
  0.57619E-02
 2 2   3   2
 11.00     25.67    
   1   1  25
   0.0000       0.0000       0.0000       0.0000       0.0000       0.0000    
  0.50680      0.75980      0.67297      0.58643      0.50431      0.42906    
  0.36185      0.30302      0.26936      0.19913      0.17369      0.15122    
  0.13923      0.12709      0.86228E-01  0.72382E-01  0.60857E-01  0.51166E-01
  0.27017    
   1   2  25
   0.0000       0.0000       0.0000       0.0000       0.0000       0.0000    
  0.23577      0.35347      0.31307      0.27281      0.23461      0.19960    
  0.16834      0.14097      0.60713E-01  0.44883E-01  0.39149E-01  0.34085E-01
  0.29590E-01  0.27009E-01  0.18324E-01  0.15382E-01  0.12932E-01  0.10873E-01
  0.57413E-01
   1   3  25
   0.0000       0.0000       0.0000       0.0000       0.0000       0.0000    
  0.81612E-01  0.12235      0.10837      0.94435E-01  0.81211E-01  0.69092E-01
  0.58270E-01  0.48796E-01  0.25226E-01  0.18648E-01  0.16266E-01  0.14162E-01
  0.91752E-02  0.83748E-02  0.56734E-02  0.47624E-02  0.40041E-02  0.33665E-02
  0.17776E-01
   1   4  25
   0.0000       0.0000       0.0000       0.0000       0.0000       0.0000    
  0.43325E-01  0.64953E-01  0.57530E-01  0.50132E-01  0.43112E-01  0.36679E-01
  0.30933E-01  0.25904E-01  0.13682E-01  0.10114E-01  0.88223E-02  0.76812E-02
  0.11240E-01  0.10259E-01  0.69596E-02  0.58420E-02  0.49118E-02  0.41297E-02
  0.21806E-01
   1   5  25
   0.0000       0.0000       0.0000       0.0000       0.0000       0.0000    
  0.17128E-01  0.25679E-01  0.22744E-01  0.19820E-01  0.17044E-01  0.14501E-01
  0.12229E-01  0.10241E-01  0.59858E-02  0.44251E-02  0.38598E-02  0.33605E-02
  0.48170E-02  0.43968E-02  0.29776E-02  0.24995E-02  0.21015E-02  0.17669E-02
  0.93296E-02
   1   6  25
   0.0000       0.0000       0.0000       0.0000       0.0000       0.0000    
  0.24181E-01  0.36253E-01  0.32110E-01  0.27981E-01  0.24062E-01  0.20472E-01
  0.17265E-01  0.14458E-01  0.94063E-02  0.69537E-02  0.60653E-02  0.52808E-02
  0.66520E-02  0.60717E-02  0.41229E-02  0.34608E-02  0.29098E-02  0.24464E-02
  0.12918E-01
   1   7  25
   0.0000       0.0000       0.0000       0.0000       0.0000       0.0000    
  0.17128E-01  0.25679E-01  0.22744E-01  0.19820E-01  0.17044E-01  0.14501E-01
  0.12229E-01  0.10241E-01  0.55583E-02  0.41090E-02  0.35841E-02  0.31205E-02
  0.38995E-02  0.35593E-02  0.24138E-02  0.20262E-02  0.17036E-02  0.14323E-02
  0.75630E-02
   1   8  25
   0.0000       0.0000       0.0000       0.0000       0.0000       0.0000    
  0.14106E-01  0.21148E-01  0.18731E-01  0.16322E-01  0.14036E-01  0.11942E-01
  0.10071E-01  0.84339E-02  0.38480E-02  0.28447E-02  0.24813E-02  0.21603E-02
  0.22938E-02  0.20937E-02  0.14271E-02  0.11980E-02  0.10072E-02  0.84684E-03
  0.44716E-02
   1   9  25
   0.0000       0.0000       0.0000       0.0000       0.0000       0.0000    
  0.28212E-01  0.42295E-01  0.37461E-01  0.32644E-01  0.28073E-01  0.23884E-01
  0.20143E-01  0.16868E-01  0.10261E-01  0.75858E-02  0.66167E-02  0.57609E-02
  0.61933E-02  0.56530E-02  0.38410E-02  0.32242E-02  0.27108E-02  0.22792E-02
  0.12035E-01
   1  10  25
   0.0000       0.0000       0.0000       0.0000       0.0000       0.0000    
  0.39295E-01  0.58911E-01  0.52178E-01  0.45469E-01  0.39102E-01  0.33267E-01
  0.28056E-01  0.23494E-01  0.23516E-01  0.17384E-01  0.15163E-01  0.13202E-01
  0.16286E-01  0.14865E-01  0.44224E-01  0.37123E-01  0.31212E-01  0.26242E-01
  0.13856    
 2 2   6   3
0.7562     7.702    
   1   1  25
   0.0000       0.0000       0.0000       0.0000       0.0000       0.0000    
   0.0000       0.0000       0.0000       0.0000       0.0000       0.0000    
   0.0000      0.24406E-02  0.43660E-01  0.50603E-01  0.48095E-01  0.43176E-01
  0.40396E-01  0.37247E-01  0.25447E-01  0.21464E-01  0.18107E-01  0.15261E-01
  0.80718E-01
   1   2  25
   0.0000       0.0000       0.0000       0.0000       0.0000       0.0000    
   0.0000       0.0000       0.0000       0.0000       0.0000       0.0000    
   0.0000      0.11354E-02  0.98408E-02  0.11406E-01  0.10840E-01  0.97317E-02
  0.85850E-02  0.79157E-02  0.54075E-02  0.45611E-02  0.38479E-02  0.32429E-02
  0.17153E-01
   1   3  25
   0.0000       0.0000       0.0000       0.0000       0.0000       0.0000    
   0.0000       0.0000       0.0000       0.0000       0.0000       0.0000    
   0.0000      0.39301E-03  0.40888E-02  0.47390E-02  0.45041E-02  0.40434E-02
  0.26620E-02  0.24545E-02  0.16743E-02  0.14122E-02  0.11914E-02  0.10041E-02
  0.53108E-02
   1   4  25
   0.0000       0.0000       0.0000       0.0000       0.0000       0.0000    
   0.0000       0.0000       0.0000       0.0000       0.0000       0.0000    
   0.0000      0.20863E-03  0.22176E-02  0.25703E-02  0.24429E-02  0.21931E-02
  0.32610E-02  0.30067E-02  0.20538E-02  0.17323E-02  0.14615E-02  0.12317E-02
  0.65148E-02
   1   5  25
   0.0000       0.0000       0.0000       0.0000       0.0000       0.0000    
   0.0000       0.0000       0.0000       0.0000       0.0000       0.0000    
   0.0000      0.82484E-04  0.97022E-03  0.11245E-02  0.10688E-02  0.95946E-03
  0.13976E-02  0.12886E-02  0.87872E-03  0.74118E-03  0.62529E-03  0.52698E-03
  0.27874E-02
   1   6  25
   0.0000       0.0000       0.0000       0.0000       0.0000       0.0000    
   0.0000       0.0000       0.0000       0.0000       0.0000       0.0000    
   0.0000      0.11645E-03  0.15246E-02  0.17671E-02  0.16795E-02  0.15077E-02
  0.19300E-02  0.17795E-02  0.12167E-02  0.10262E-02  0.86578E-03  0.72967E-03
  0.38594E-02
   1   7  25
   0.0000       0.0000       0.0000       0.0000       0.0000       0.0000    
   0.0000       0.0000       0.0000       0.0000       0.0000       0.0000    
   0.0000      0.82484E-04  0.90092E-03  0.10442E-02  0.99243E-03  0.89093E-03
  0.11314E-02  0.10432E-02  0.71234E-03  0.60084E-03  0.50689E-03  0.42720E-03
  0.22596E-02
   1   8  25
   0.0000       0.0000       0.0000       0.0000       0.0000       0.0000    
   0.0000       0.0000       0.0000       0.0000       0.0000       0.0000    
   0.0000      0.67928E-04  0.62371E-03  0.72290E-03  0.68707E-03  0.61680E-03
  0.66550E-03  0.61362E-03  0.42116E-03  0.35524E-03  0.29969E-03  0.25258E-03
  0.13360E-02
   1   9  25
   0.0000       0.0000       0.0000       0.0000       0.0000       0.0000    
   0.0000       0.0000       0.0000       0.0000       0.0000       0.0000    
   0.0000      0.13586E-03  0.16632E-02  0.19277E-02  0.18322E-02  0.16448E-02
  0.17969E-02  0.16568E-02  0.11335E-02  0.95608E-03  0.80658E-03  0.67977E-03
  0.35955E-02
   1  10  25
   0.0000       0.0000       0.0000       0.0000       0.0000       0.0000    
   0.0000       0.0000       0.0000       0.0000       0.0000       0.0000    
   0.0000      0.18923E-03  0.38116E-02  0.44177E-02  0.41987E-02  0.37693E-02
  0.47251E-02  0.43567E-02  0.13051E-01  0.11008E-01  0.92868E-02  0.78268E-02
  0.41398E-01
 2 2   4   3
 10.25     17.97    
   1   1  25
   0.0000       0.0000       0.0000       0.0000       0.0000       0.0000    
  0.50680      0.75980      0.67297      0.58643      0.50431      0.42906    
  0.36185      0.30058      0.22570      0.14852      0.12559      0.10805    
  0.98838E-01  0.89840E-01  0.60782E-01  0.50918E-01  0.42749E-01  0.35905E-01
  0.18945    
   1   2  25
   0.0000       0.0000       0.0000       0.0000       0.0000       0.0000    
  0.23577      0.35347      0.31307      0.27281      0.23461      0.19960    
  0.16834      0.13983      0.50873E-01  0.33477E-01  0.28309E-01  0.24354E-01
  0.21005E-01  0.19093E-01  0.12916E-01  0.10820E-01  0.90845E-02  0.76300E-02
  0.40260E-01
   1   3  25
   0.0000       0.0000       0.0000       0.0000       0.0000       0.0000    
  0.81612E-01  0.12235      0.10837      0.94435E-01  0.81211E-01  0.69092E-01
  0.58270E-01  0.48403E-01  0.21137E-01  0.13909E-01  0.11762E-01  0.10119E-01
  0.65132E-02  0.59203E-02  0.39991E-02  0.33502E-02  0.28127E-02  0.23624E-02
  0.12465E-01
   1   4  25
   0.0000       0.0000       0.0000       0.0000       0.0000       0.0000    
  0.43325E-01  0.64953E-01  0.57530E-01  0.50132E-01  0.43112E-01  0.36679E-01
  0.30933E-01  0.25696E-01  0.11464E-01  0.75441E-02  0.63794E-02  0.54881E-02
  0.79787E-02  0.72524E-02  0.49057E-02  0.41097E-02  0.34504E-02  0.28980E-02
  0.15291E-01
   1   5  25
   0.0000       0.0000       0.0000       0.0000       0.0000       0.0000    
  0.17128E-01  0.25679E-01  0.22744E-01  0.19820E-01  0.17044E-01  0.14501E-01
  0.12229E-01  0.10159E-01  0.50156E-02  0.33005E-02  0.27910E-02  0.24010E-02
  0.34194E-02  0.31081E-02  0.20989E-02  0.17583E-02  0.14762E-02  0.12399E-02
  0.65422E-02
   1   6  25
   0.0000       0.0000       0.0000       0.0000       0.0000       0.0000    
  0.24181E-01  0.36253E-01  0.32110E-01  0.27981E-01  0.24062E-01  0.20472E-01
  0.17265E-01  0.14342E-01  0.78816E-02  0.51866E-02  0.43858E-02  0.37731E-02
  0.47221E-02  0.42922E-02  0.29062E-02  0.24346E-02  0.20440E-02  0.17168E-02
  0.90584E-02
   1   7  25
   0.0000       0.0000       0.0000       0.0000       0.0000       0.0000    
  0.17128E-01  0.25679E-01  0.22744E-01  0.19820E-01  0.17044E-01  0.14501E-01
  0.12229E-01  0.10159E-01  0.46574E-02  0.30648E-02  0.25916E-02  0.22295E-02
  0.27681E-02  0.25161E-02  0.17015E-02  0.14254E-02  0.11967E-02  0.10051E-02
  0.53034E-02
   1   8  25
   0.0000       0.0000       0.0000       0.0000       0.0000       0.0000    
  0.14106E-01  0.21148E-01  0.18731E-01  0.16322E-01  0.14036E-01  0.11942E-01
  0.10071E-01  0.83660E-02  0.32243E-02  0.21218E-02  0.17942E-02  0.15435E-02
  0.16283E-02  0.14801E-02  0.10060E-02  0.84274E-03  0.70754E-03  0.59426E-03
  0.31356E-02
   1   9  25
   0.0000       0.0000       0.0000       0.0000       0.0000       0.0000    
  0.28212E-01  0.42295E-01  0.37461E-01  0.32644E-01  0.28073E-01  0.23884E-01
  0.20143E-01  0.16732E-01  0.85982E-02  0.56581E-02  0.47846E-02  0.41161E-02
  0.43964E-02  0.39962E-02  0.27075E-02  0.22681E-02  0.19042E-02  0.15994E-02
  0.84390E-02
   1  10  25
   0.0000       0.0000       0.0000       0.0000       0.0000       0.0000    
  0.39295E-01  0.58911E-01  0.52178E-01  0.45469E-01  0.39102E-01  0.33267E-01
  0.28056E-01  0.23305E-01  0.19704E-01  0.12966E-01  0.10965E-01  0.94327E-02
  0.11561E-01  0.10509E-01  0.31173E-01  0.26115E-01  0.21925E-01  0.18415E-01
  0.97165E-01
 2 2   7   4
 1.770     15.93    
   1   1  25
   0.0000       0.0000       0.0000       0.0000       0.0000       0.0000    
   0.0000       0.0000       0.0000       0.0000       0.0000       0.0000    
   0.0000       0.0000      0.19473      0.12815      0.10836      0.93223E-01
  0.85277E-01  0.77514E-01  0.52442E-01  0.43932E-01  0.36884E-01  0.30979E-01
  0.16346    
   1   2  25
   0.0000       0.0000       0.0000       0.0000       0.0000       0.0000    
   0.0000       0.0000       0.0000       0.0000       0.0000       0.0000    
   0.0000       0.0000      0.43893E-01  0.28884E-01  0.24425E-01  0.21012E-01
  0.18123E-01  0.16473E-01  0.11144E-01  0.93358E-02  0.78380E-02  0.65832E-02
  0.34736E-01
   1   3  25
   0.0000       0.0000       0.0000       0.0000       0.0000       0.0000    
   0.0000       0.0000       0.0000       0.0000       0.0000       0.0000    
   0.0000       0.0000      0.18237E-01  0.12001E-01  0.10148E-01  0.87303E-02
  0.56196E-02  0.51080E-02  0.34504E-02  0.28905E-02  0.24268E-02  0.20383E-02
  0.10755E-01
   1   4  25
   0.0000       0.0000       0.0000       0.0000       0.0000       0.0000    
   0.0000       0.0000       0.0000       0.0000       0.0000       0.0000    
   0.0000       0.0000      0.98913E-02  0.65090E-02  0.55041E-02  0.47351E-02
  0.68840E-02  0.62573E-02  0.42327E-02  0.35458E-02  0.29769E-02  0.25003E-02
  0.13193E-01
   1   5  25
   0.0000       0.0000       0.0000       0.0000       0.0000       0.0000    
   0.0000       0.0000       0.0000       0.0000       0.0000       0.0000    
   0.0000       0.0000      0.43274E-02  0.28477E-02  0.24080E-02  0.20716E-02
  0.29503E-02  0.26817E-02  0.18109E-02  0.15171E-02  0.12737E-02  0.10698E-02
  0.56446E-02
   1   6  25
   0.0000       0.0000       0.0000       0.0000       0.0000       0.0000    
   0.0000       0.0000       0.0000       0.0000       0.0000       0.0000    
   0.0000       0.0000      0.68002E-02  0.44749E-02  0.37841E-02  0.32554E-02
  0.40742E-02  0.37033E-02  0.25074E-02  0.21006E-02  0.17636E-02  0.14812E-02
  0.78155E-02
   1   7  25
   0.0000       0.0000       0.0000       0.0000       0.0000       0.0000    
   0.0000       0.0000       0.0000       0.0000       0.0000       0.0000    
   0.0000       0.0000      0.40183E-02  0.26443E-02  0.22360E-02  0.19236E-02
  0.23883E-02  0.21709E-02  0.14680E-02  0.12298E-02  0.10325E-02  0.86721E-03
  0.45758E-02
   1   8  25
   0.0000       0.0000       0.0000       0.0000       0.0000       0.0000    
   0.0000       0.0000       0.0000       0.0000       0.0000       0.0000    
   0.0000       0.0000      0.27819E-02  0.18307E-02  0.15480E-02  0.13318E-02
  0.14049E-02  0.12770E-02  0.86796E-03  0.72711E-03  0.61046E-03  0.51273E-03
  0.27054E-02
   1   9  25
   0.0000       0.0000       0.0000       0.0000       0.0000       0.0000    
   0.0000       0.0000       0.0000       0.0000       0.0000       0.0000    
   0.0000       0.0000      0.74185E-02  0.48817E-02  0.41281E-02  0.35513E-02
  0.37932E-02  0.34479E-02  0.23360E-02  0.19569E-02  0.16430E-02  0.13799E-02
  0.72811E-02
   1  10  25
   0.0000       0.0000       0.0000       0.0000       0.0000       0.0000    
   0.0000       0.0000       0.0000       0.0000       0.0000       0.0000    
   0.0000       0.0000      0.17001E-01  0.11187E-01  0.94602E-02  0.81385E-02
  0.99747E-02  0.90667E-02  0.26896E-01  0.22532E-01  0.18917E-01  0.15888E-01
  0.83834E-01
 2 2   5   4
 8.476     2.040    
   1   1  25
   0.0000       0.0000       0.0000       0.0000       0.0000       0.0000    
  0.50680      0.75980      0.67297      0.58643      0.50431      0.42906    
  0.36185      0.30058      0.30968E-01  0.20378E-01  0.17232E-01  0.14825E-01
  0.13561E-01  0.12327E-01  0.83396E-02  0.69863E-02  0.58655E-02  0.49264E-02
  0.25994E-01
   1   2  25
   0.0000       0.0000       0.0000       0.0000       0.0000       0.0000    
  0.23577      0.35347      0.31307      0.27281      0.23461      0.19960    
  0.16834      0.13983      0.69800E-02  0.45932E-02  0.38841E-02  0.33414E-02
  0.28820E-02  0.26197E-02  0.17722E-02  0.14846E-02  0.12464E-02  0.10469E-02
  0.55239E-02
   1   3  25
   0.0000       0.0000       0.0000       0.0000       0.0000       0.0000    
  0.81612E-01  0.12235      0.10837      0.94435E-01  0.81211E-01  0.69092E-01
  0.58270E-01  0.48403E-01  0.29002E-02  0.19085E-02  0.16138E-02  0.13883E-02
  0.89365E-03  0.81230E-03  0.54870E-03  0.45966E-03  0.38592E-03  0.32413E-03
  0.17103E-02
   1   4  25
   0.0000       0.0000       0.0000       0.0000       0.0000       0.0000    
  0.43325E-01  0.64953E-01  0.57530E-01  0.50132E-01  0.43112E-01  0.36679E-01
  0.30933E-01  0.25696E-01  0.15730E-02  0.10351E-02  0.87529E-03  0.75300E-03
  0.10947E-02  0.99507E-03  0.67310E-03  0.56387E-03  0.47341E-03  0.39762E-03
  0.20980E-02
   1   5  25
   0.0000       0.0000       0.0000       0.0000       0.0000       0.0000    
  0.17128E-01  0.25679E-01  0.22744E-01  0.19820E-01  0.17044E-01  0.14501E-01
  0.12229E-01  0.10159E-01  0.68817E-03  0.45285E-03  0.38294E-03  0.32944E-03
  0.46917E-03  0.42646E-03  0.28798E-03  0.24125E-03  0.20255E-03  0.17012E-03
  0.89763E-03
   1   6  25
   0.0000       0.0000       0.0000       0.0000       0.0000       0.0000    
  0.24181E-01  0.36253E-01  0.32110E-01  0.27981E-01  0.24062E-01  0.20472E-01
  0.17265E-01  0.14342E-01  0.10814E-02  0.71163E-03  0.60176E-03  0.51769E-03
  0.64790E-03  0.58892E-03  0.39875E-03  0.33404E-03  0.28045E-03  0.23555E-03
  0.12429E-02
   1   7  25
   0.0000       0.0000       0.0000       0.0000       0.0000       0.0000    
  0.17128E-01  0.25679E-01  0.22744E-01  0.19820E-01  0.17044E-01  0.14501E-01
  0.12229E-01  0.10159E-01  0.63902E-03  0.42051E-03  0.35559E-03  0.30591E-03
  0.37980E-03  0.34523E-03  0.23345E-03  0.19557E-03  0.16419E-03  0.13791E-03
  0.72766E-03
   1   8  25
   0.0000       0.0000       0.0000       0.0000       0.0000       0.0000    
  0.14106E-01  0.21148E-01  0.18731E-01  0.16322E-01  0.14036E-01  0.11942E-01
  0.10071E-01  0.83660E-02  0.44240E-03  0.29112E-03  0.24618E-03  0.21178E-03
  0.22341E-03  0.20307E-03  0.13803E-03  0.11563E-03  0.97079E-04  0.81537E-04
  0.43022E-03
   1   9  25
   0.0000       0.0000       0.0000       0.0000       0.0000       0.0000    
  0.28212E-01  0.42295E-01  0.37461E-01  0.32644E-01  0.28073E-01  0.23884E-01
  0.20143E-01  0.16732E-01  0.11797E-02  0.77632E-03  0.65647E-03  0.56475E-03
  0.60322E-03  0.54830E-03  0.37148E-03  0.31120E-03  0.26127E-03  0.21944E-03
  0.11579E-02
   1  10  25
   0.0000       0.0000       0.0000       0.0000       0.0000       0.0000    
  0.39295E-01  0.58911E-01  0.52178E-01  0.45469E-01  0.39102E-01  0.33267E-01
  0.28056E-01  0.23305E-01  0.27035E-02  0.17791E-02  0.15044E-02  0.12942E-02
  0.15862E-02  0.14418E-02  0.42772E-02  0.35831E-02  0.30082E-02  0.25266E-02
  0.13332E-01
 2 2   9   7
 8.476     19.78    
   1   1  25
   0.0000       0.0000       0.0000       0.0000       0.0000       0.0000    
  0.50680      0.75980      0.67297      0.58643      0.50431      0.42906    
  0.36185      0.30058      0.30968E-01  0.20378E-01  0.17232E-01  0.14825E-01
  0.13561E-01  0.12327E-01  0.83396E-02  0.69863E-02  0.58655E-02  0.49264E-02
  0.25994E-01
   1   2  25
   0.0000       0.0000       0.0000       0.0000       0.0000       0.0000    
  0.23577      0.35347      0.31307      0.27281      0.23461      0.19960    
  0.16834      0.13983      0.69800E-02  0.45932E-02  0.38841E-02  0.33414E-02
  0.28820E-02  0.26197E-02  0.17722E-02  0.14846E-02  0.12464E-02  0.10469E-02
  0.55239E-02
   1   3  25
   0.0000       0.0000       0.0000       0.0000       0.0000       0.0000    
  0.81612E-01  0.12235      0.10837      0.94435E-01  0.81211E-01  0.69092E-01
  0.58270E-01  0.48403E-01  0.29002E-02  0.19085E-02  0.16138E-02  0.13883E-02
  0.89365E-03  0.81230E-03  0.54870E-03  0.45966E-03  0.38592E-03  0.32413E-03
  0.17103E-02
   1   4  25
   0.0000       0.0000       0.0000       0.0000       0.0000       0.0000    
  0.43325E-01  0.64953E-01  0.57530E-01  0.50132E-01  0.43112E-01  0.36679E-01
  0.30933E-01  0.25696E-01  0.15730E-02  0.10351E-02  0.87529E-03  0.75300E-03
  0.10947E-02  0.99507E-03  0.67310E-03  0.56387E-03  0.47341E-03  0.39762E-03
  0.20980E-02
   1   5  25
   0.0000       0.0000       0.0000       0.0000       0.0000       0.0000    
  0.17128E-01  0.25679E-01  0.22744E-01  0.19820E-01  0.17044E-01  0.14501E-01
  0.12229E-01  0.10159E-01  0.68817E-03  0.45285E-03  0.38294E-03  0.32944E-03
  0.46917E-03  0.42646E-03  0.28798E-03  0.24125E-03  0.20255E-03  0.17012E-03
  0.89763E-03
   1   6  25
   0.0000       0.0000       0.0000       0.0000       0.0000       0.0000    
  0.24181E-01  0.36253E-01  0.32110E-01  0.27981E-01  0.24062E-01  0.20472E-01
  0.17265E-01  0.14342E-01  0.10814E-02  0.71163E-03  0.60176E-03  0.51769E-03
  0.64790E-03  0.58892E-03  0.39875E-03  0.33404E-03  0.28045E-03  0.23555E-03
  0.12429E-02
   1   7  25
   0.0000       0.0000       0.0000       0.0000       0.0000       0.0000    
  0.17128E-01  0.25679E-01  0.22744E-01  0.19820E-01  0.17044E-01  0.14501E-01
  0.12229E-01  0.10159E-01  0.63902E-03  0.42051E-03  0.35559E-03  0.30591E-03
  0.37980E-03  0.34523E-03  0.23345E-03  0.19557E-03  0.16419E-03  0.13791E-03
  0.72766E-03
   1   8  25
   0.0000       0.0000       0.0000       0.0000       0.0000       0.0000    
  0.14106E-01  0.21148E-01  0.18731E-01  0.16322E-01  0.14036E-01  0.11942E-01
  0.10071E-01  0.83660E-02  0.44240E-03  0.29112E-03  0.24618E-03  0.21178E-03
  0.22341E-03  0.20307E-03  0.13803E-03  0.11563E-03  0.97079E-04  0.81537E-04
  0.43022E-03
   1   9  25
   0.0000       0.0000       0.0000       0.0000       0.0000       0.0000    
  0.28212E-01  0.42295E-01  0.37461E-01  0.32644E-01  0.28073E-01  0.23884E-01
  0.20143E-01  0.16732E-01  0.11797E-02  0.77632E-03  0.65647E-03  0.56475E-03
  0.60322E-03  0.54830E-03  0.37148E-03  0.31120E-03  0.26127E-03  0.21944E-03
  0.11579E-02
   1  10  25
   0.0000       0.0000       0.0000       0.0000       0.0000       0.0000    
  0.39295E-01  0.58911E-01  0.52178E-01  0.45469E-01  0.39102E-01  0.33267E-01
  0.28056E-01  0.23305E-01  0.27035E-02  0.17791E-02  0.15044E-02  0.12942E-02
  0.15862E-02  0.14418E-02  0.42772E-02  0.35831E-02  0.30082E-02  0.25266E-02
  0.13332E-01
 2 2  19   5
 1.562     3.644    
   1   1  25
   0.0000       0.0000       0.0000       0.0000       0.0000       0.0000    
  0.21023E-02  0.29700E-02  0.21949E-02  0.16398E-02  0.14697E-02  0.17202E-02
  0.25590E-02  0.43621E-02  0.95509E-03  0.12595E-02  0.19021E-02  0.25598E-02
  0.32424E-02  0.36969E-02  0.29128E-02  0.26940E-02  0.24086E-02  0.21050E-02
  0.11393E-01
   1   2  25
   0.0000       0.0000       0.0000       0.0000       0.0000       0.0000    
  0.41713E-02  0.53534E-02  0.35149E-02  0.22866E-02  0.17616E-02  0.17658E-02
  0.22618E-02  0.33591E-02  0.31559E-03  0.37552E-03  0.52214E-03  0.66008E-03
  0.75407E-03  0.83446E-03  0.64493E-03  0.58940E-03  0.52314E-03  0.45515E-03
  0.24564E-02
   1   3  25
   0.0000       0.0000       0.0000       0.0000       0.0000       0.0000    
  0.27276E-01  0.31231E-01  0.17452E-01  0.88775E-02  0.50065E-02  0.35724E-02
  0.32687E-02  0.35484E-02  0.30345E-03  0.28640E-03  0.33170E-03  0.36620E-03
  0.28393E-03  0.29485E-03  0.21839E-03  0.19451E-03  0.16992E-03  0.14639E-03
  0.78517E-03
   1   4  25
   0.0000       0.0000       0.0000       0.0000       0.0000       0.0000    
  0.40435E-01  0.57434E-01  0.43977E-01  0.28084E-01  0.15661E-01  0.91645E-02
  0.63700E-02  0.52088E-02  0.35208E-03  0.26844E-03  0.26360E-03  0.25806E-03
  0.41559E-03  0.40785E-03  0.29146E-03  0.25351E-03  0.21818E-03  0.18622E-03
  0.99289E-03
   1   5  25
   0.0000       0.0000       0.0000       0.0000       0.0000       0.0000    
  0.17085E-01  0.25529E-01  0.22337E-01  0.18628E-01  0.14182E-01  0.97226E-02
  0.64923E-02  0.45682E-02  0.28612E-03  0.18559E-03  0.16002E-03  0.14213E-03
  0.20911E-03  0.19549E-03  0.13495E-03  0.11487E-03  0.97498E-04  0.82485E-04
  0.43731E-03
   1   6  25
   0.0000       0.0000       0.0000       0.0000       0.0000       0.0000    
  0.24181E-01  0.36251E-01  0.32101E-01  0.27939E-01  0.23874E-01  0.19827E-01
  0.15739E-01  0.11829E-01  0.79371E-03  0.46951E-03  0.36516E-03  0.29571E-03
  0.35489E-03  0.31353E-03  0.20828E-03  0.17233E-03  0.14354E-03  0.11995E-03
  0.63091E-03
   1   7  25
   0.0000       0.0000       0.0000       0.0000       0.0000       0.0000    
  0.17128E-01  0.25679E-01  0.22744E-01  0.19820E-01  0.17043E-01  0.14488E-01
  0.12168E-01  0.99540E-02  0.60312E-03  0.37176E-03  0.28827E-03  0.22585E-03
  0.25693E-03  0.21688E-03  0.13839E-03  0.11110E-03  0.90578E-04  0.74601E-04
  0.38858E-03
   1   8  25
   0.0000       0.0000       0.0000       0.0000       0.0000       0.0000    
  0.14106E-01  0.21148E-01  0.18731E-01  0.16322E-01  0.14036E-01  0.11942E-01
  0.10069E-01  0.83494E-02  0.43811E-03  0.28173E-03  0.22707E-03  0.18142E-03
  0.17495E-03  0.14518E-03  0.91017E-04  0.71513E-04  0.57302E-04  0.46607E-04
  0.24067E-03
   1   9  25
   0.0000       0.0000       0.0000       0.0000       0.0000       0.0000    
  0.28212E-01  0.42295E-01  0.37461E-01  0.32644E-01  0.28073E-01  0.23884E-01
  0.20143E-01  0.16732E-01  0.11796E-02  0.77528E-03  0.65149E-03  0.54900E-03
  0.56021E-03  0.47357E-03  0.29372E-03  0.22563E-03  0.17622E-03  0.14023E-03
  0.71227E-03
   1  10  25
   0.0000       0.0000       0.0000       0.0000       0.0000       0.0000    
  0.39295E-01  0.58911E-01  0.52178E-01  0.45469E-01  0.39102E-01  0.33267E-01
  0.28056E-01  0.23305E-01  0.27035E-02  0.17791E-02  0.15044E-02  0.12936E-02
  0.15802E-02  0.14162E-02  0.40509E-02  0.31894E-02  0.24825E-02  0.19401E-02
  0.96541E-02
 2 2  16   5
 6.914     16.13    
   1   1  25
   0.0000       0.0000       0.0000       0.0000       0.0000       0.0000    
  0.50470      0.75683      0.67077      0.58479      0.50284      0.42733    
  0.35929      0.29622      0.30013E-01  0.19119E-01  0.15330E-01  0.12265E-01
  0.10319E-01  0.86297E-02  0.54268E-02  0.42923E-02  0.34568E-02  0.28214E-02
  0.14601E-01
   1   2  25
   0.0000       0.0000       0.0000       0.0000       0.0000       0.0000    
  0.23160      0.34811      0.30956      0.27053      0.23285      0.19783    
  0.16607      0.13647      0.66644E-02  0.42177E-02  0.33620E-02  0.26814E-02
  0.21280E-02  0.17852E-02  0.11273E-02  0.89522E-03  0.72330E-03  0.59174E-03
  0.30675E-02
   1   3  25
   0.0000       0.0000       0.0000       0.0000       0.0000       0.0000    
  0.54336E-01  0.91123E-01  0.90919E-01  0.85558E-01  0.76205E-01  0.65520E-01
  0.55001E-01  0.44855E-01  0.25967E-02  0.16221E-02  0.12821E-02  0.10221E-02
  0.60972E-03  0.51744E-03  0.33032E-03  0.26515E-03  0.21600E-03  0.17774E-03
  0.92510E-03
   1   4  25
   0.0000       0.0000       0.0000       0.0000       0.0000       0.0000    
  0.28901E-02  0.75190E-02  0.13553E-01  0.22048E-01  0.27451E-01  0.27514E-01
  0.24563E-01  0.20487E-01  0.12209E-02  0.76665E-03  0.61169E-03  0.49495E-03
  0.67913E-03  0.58722E-03  0.38164E-03  0.31036E-03  0.25523E-03  0.21140E-03
  0.11051E-02
   1   5  25
   0.0000       0.0000       0.0000       0.0000       0.0000       0.0000    
  0.43813E-04  0.14996E-03  0.40720E-03  0.11914E-02  0.28625E-02  0.47783E-02
  0.57372E-02  0.55905E-02  0.40205E-03  0.26727E-03  0.22292E-03  0.18731E-03
  0.26006E-03  0.23096E-03  0.15303E-03  0.12638E-03  0.10505E-03  0.87635E-04
  0.46032E-03
   1   6  25
   0.0000       0.0000       0.0000       0.0000       0.0000       0.0000    
  0.42087E-06  0.20247E-05  0.84192E-05  0.41545E-04  0.18830E-03  0.64535E-03
  0.15259E-02  0.25125E-02  0.28770E-03  0.24212E-03  0.23660E-03  0.22198E-03
  0.29301E-03  0.27539E-03  0.19046E-03  0.16171E-03  0.13691E-03  0.11560E-03
  0.61196E-03
   1   7  25
   0.0000       0.0000       0.0000       0.0000       0.0000       0.0000    
   0.0000       0.0000      0.20335E-07  0.19610E-06  0.17829E-05  0.12637E-04
  0.61950E-04  0.20467E-03  0.35898E-04  0.48747E-04  0.67315E-04  0.80053E-04
  0.12287E-03  0.12834E-03  0.95069E-04  0.84467E-04  0.73617E-04  0.63307E-04
  0.33908E-03
   1   8  25
   0.0000       0.0000       0.0000       0.0000       0.0000       0.0000    
   0.0000       0.0000       0.0000       0.0000      0.19243E-07  0.27902E-06
  0.26923E-05  0.16620E-04  0.42820E-05  0.93932E-05  0.19109E-04  0.30362E-04
  0.48462E-04  0.57894E-04  0.47010E-04  0.44116E-04  0.39777E-04  0.34930E-04
  0.18955E-03
   1   9  25
   0.0000       0.0000       0.0000       0.0000       0.0000       0.0000    
   0.0000       0.0000       0.0000       0.0000       0.0000       0.0000    
   0.0000      0.13763E-06  0.16517E-06  0.10349E-05  0.49819E-05  0.15752E-04
  0.43010E-04  0.74732E-04  0.77761E-04  0.85573E-04  0.85054E-04  0.79218E-04
  0.44561E-03
   1  10  25
   0.0000       0.0000       0.0000       0.0000       0.0000       0.0000    
   0.0000       0.0000       0.0000       0.0000       0.0000       0.0000    
   0.0000       0.0000       0.0000       0.0000      0.42414E-07  0.60309E-06
  0.60549E-05  0.25653E-04  0.22625E-03  0.39371E-03  0.52577E-03  0.58650E-03
  0.36776E-02
 2 2  20  12
 5.317     6.147    
   1   1  25
  0.46459E-02  0.71797E-02  0.12782E-01  0.16653E-01  0.17747E-01  0.20942E-01
  0.19293E-01  0.75091E-02  0.89107E-02  0.10804E-01  0.12745E-01  0.14251E-01
  0.15316E-01  0.16490E-01  0.12662E-01  0.10381E-01  0.10131E-01  0.98820E-02
  0.10082E-01  0.99994E-02  0.72169E-02  0.63230E-02  0.54692E-02  0.46837E-02
  0.25029E-01
   1   2  25
  0.96078E-02  0.13859E-01  0.18188E-01  0.21567E-01  0.23090E-01  0.24602E-01
  0.15781E-01  0.81605E-02  0.73662E-02  0.72307E-02  0.75695E-02  0.80117E-02
  0.84823E-02  0.91904E-02  0.30191E-02  0.24708E-02  0.24060E-02  0.23328E-02
  0.22251E-02  0.21888E-02  0.15692E-02  0.13684E-02  0.11799E-02  0.10084E-02
  0.53817E-02
   1   3  25
  0.41873E-02  0.52499E-02  0.25342E-01  0.24843E-01  0.24285E-01  0.20695E-01
  0.36380E-01  0.33040E-01  0.19551E-01  0.11235E-01  0.75129E-02  0.60842E-02
  0.56547E-02  0.57182E-02  0.14882E-02  0.11939E-02  0.11416E-02  0.10820E-02
  0.75226E-03  0.72515E-03  0.51120E-03  0.44106E-03  0.37766E-03  0.32130E-03
  0.17097E-02
   1   4  25
  0.11680E-01  0.14282E-01  0.36027E-01  0.33274E-01  0.35778E-01  0.25654E-01
  0.50595E-01  0.59125E-01  0.45663E-01  0.29762E-01  0.17292E-01  0.10698E-01
  0.77652E-02  0.64424E-02  0.10282E-02  0.78056E-03  0.71745E-03  0.65733E-03
  0.10039E-02  0.94731E-03  0.65857E-03  0.56234E-03  0.47823E-03  0.40509E-03
  0.21494E-02
   1   5  25
  0.30072E-01  0.39325E-01  0.44807E-01  0.46756E-01  0.33178E-01  0.22742E-01
  0.24477E-01  0.26610E-01  0.23292E-01  0.19489E-01  0.14956E-01  0.10412E-01
  0.70961E-02  0.50887E-02  0.59658E-03  0.41828E-03  0.36486E-03  0.32155E-03
  0.46735E-03  0.43184E-03  0.29531E-03  0.24965E-03  0.21092E-03  0.17791E-03
  0.94139E-03
   1   6  25
  0.53636E-01  0.72316E-01  0.14276      0.16834      0.97901E-01  0.75080E-01
  0.42685E-01  0.38797E-01  0.34146E-01  0.29611E-01  0.25260E-01  0.20982E-01
  0.16704E-01  0.12634E-01  0.13160E-02  0.85531E-03  0.70157E-03  0.58858E-03
  0.72379E-03  0.65025E-03  0.43693E-03  0.36427E-03  0.30492E-03  0.25564E-03
  0.13473E-02
   1   7  25
  0.49763E-01  0.67270E-01  0.91082E-01  0.10973      0.71101E-01  0.59430E-01
  0.34214E-01  0.28168E-01  0.24752E-01  0.21405E-01  0.18291E-01  0.15477E-01
  0.12957E-01  0.10589E-01  0.93852E-03  0.61527E-03  0.49819E-03  0.40722E-03
  0.48242E-03  0.42200E-03  0.27717E-03  0.22742E-03  0.18827E-03  0.15667E-03
  0.82172E-03
   1   8  25
  0.39005E-01  0.52731E-01  0.50918E-01  0.61418E-01  0.53664E-01  0.45523E-01
  0.28950E-01  0.23414E-01  0.20640E-01  0.17865E-01  0.15248E-01  0.12883E-01
  0.10801E-01  0.89244E-02  0.68836E-03  0.46076E-03  0.37984E-03  0.31250E-03
  0.31278E-03  0.27016E-03  0.17583E-03  0.14249E-03  0.11685E-03  0.96600E-04
  0.50438E-03
   1   9  25
  0.12105      0.16365      0.10720      0.12931      0.98430E-01  0.83682E-01
  0.58237E-01  0.46988E-01  0.41593E-01  0.36175E-01  0.30982E-01  0.26193E-01
  0.21928E-01  0.18101E-01  0.19518E-02  0.13142E-02  0.11026E-02  0.93083E-03
  0.96287E-03  0.83631E-03  0.53799E-03  0.42940E-03  0.34681E-03  0.28323E-03
  0.14658E-02
   1  10  25
  0.79355E-01  0.10728      0.69678E-01  0.84052E-01  0.74569E-01  0.63397E-01
  0.81123E-01  0.65457E-01  0.57976E-01  0.50519E-01  0.43434E-01  0.36912E-01
  0.31037E-01  0.25664E-01  0.48945E-02  0.32816E-02  0.27346E-02  0.23144E-02
  0.27965E-02  0.24996E-02  0.72197E-02  0.58179E-02  0.46742E-02  0.37721E-02
  0.19288E-01
 2 2  14   6
 2.526     23.63    
   1   1  25
   0.0000       0.0000       0.0000       0.0000       0.0000       0.0000    
   0.0000       0.0000       0.0000       0.0000       0.0000       0.0000    
   0.0000      0.24406E-02  0.23839      0.17875      0.15646      0.13640    
  0.12567      0.11476      0.77889E-01  0.65396E-01  0.54991E-01  0.46240E-01
  0.24418    
   1   2  25
   0.0000       0.0000       0.0000       0.0000       0.0000       0.0000    
   0.0000       0.0000       0.0000       0.0000       0.0000       0.0000    
   0.0000      0.11354E-02  0.53733E-01  0.40290E-01  0.35265E-01  0.30744E-01
  0.26708E-01  0.24389E-01  0.16552E-01  0.13897E-01  0.11686E-01  0.98261E-02
  0.51889E-01
   1   3  25
   0.0000       0.0000       0.0000       0.0000       0.0000       0.0000    
   0.0000       0.0000       0.0000       0.0000       0.0000       0.0000    
   0.0000      0.39301E-03  0.22326E-01  0.16740E-01  0.14652E-01  0.12774E-01
  0.82816E-02  0.75625E-02  0.51247E-02  0.43027E-02  0.36182E-02  0.30423E-02
  0.16066E-01
   1   4  25
   0.0000       0.0000       0.0000       0.0000       0.0000       0.0000    
   0.0000       0.0000       0.0000       0.0000       0.0000       0.0000    
   0.0000      0.20863E-03  0.12109E-01  0.90793E-02  0.79470E-02  0.69282E-02
  0.10145E-01  0.92640E-02  0.62865E-02  0.52782E-02  0.44384E-02  0.37320E-02
  0.19708E-01
   1   5  25
   0.0000       0.0000       0.0000       0.0000       0.0000       0.0000    
   0.0000       0.0000       0.0000       0.0000       0.0000       0.0000    
   0.0000      0.82484E-04  0.52977E-02  0.39722E-02  0.34768E-02  0.30311E-02
  0.43478E-02  0.39703E-02  0.26897E-02  0.22582E-02  0.18990E-02  0.15968E-02
  0.84319E-02
   1   6  25
   0.0000       0.0000       0.0000       0.0000       0.0000       0.0000    
   0.0000       0.0000       0.0000       0.0000       0.0000       0.0000    
   0.0000      0.11645E-03  0.83249E-02  0.62420E-02  0.54636E-02  0.47631E-02
  0.60041E-02  0.54828E-02  0.37241E-02  0.31268E-02  0.26293E-02  0.22109E-02
  0.11675E-01
   1   7  25
   0.0000       0.0000       0.0000       0.0000       0.0000       0.0000    
   0.0000       0.0000       0.0000       0.0000       0.0000       0.0000    
   0.0000      0.82484E-04  0.49193E-02  0.36885E-02  0.32285E-02  0.28146E-02
  0.35197E-02  0.32140E-02  0.21804E-02  0.18307E-02  0.15394E-02  0.12944E-02
  0.68353E-02
   1   8  25
   0.0000       0.0000       0.0000       0.0000       0.0000       0.0000    
   0.0000       0.0000       0.0000       0.0000       0.0000       0.0000    
   0.0000      0.67928E-04  0.34056E-02  0.25536E-02  0.22351E-02  0.19486E-02
  0.20704E-02  0.18906E-02  0.12891E-02  0.10824E-02  0.91016E-03  0.76530E-03
  0.40413E-02
   1   9  25
   0.0000       0.0000       0.0000       0.0000       0.0000       0.0000    
   0.0000       0.0000       0.0000       0.0000       0.0000       0.0000    
   0.0000      0.13586E-03  0.90817E-02  0.68095E-02  0.59603E-02  0.51961E-02
  0.55901E-02  0.51047E-02  0.34695E-02  0.29130E-02  0.24496E-02  0.20597E-02
  0.10877E-01
   1  10  25
   0.0000       0.0000       0.0000       0.0000       0.0000       0.0000    
   0.0000       0.0000       0.0000       0.0000       0.0000       0.0000    
   0.0000      0.18923E-03  0.20812E-01  0.15605E-01  0.13659E-01  0.11908E-01
  0.14700E-01  0.13423E-01  0.39947E-01  0.33540E-01  0.28204E-01  0.23715E-01
  0.12523    
 2 2  21  10
0.6871    0.4581    
   1   1  25
   0.0000       0.0000       0.0000       0.0000       0.0000       0.0000    
   0.0000       0.0000       0.0000       0.0000       0.0000       0.0000    
   0.0000      0.15182E-02  0.11261      0.38334E-01  0.93427E-02  0.23888E-02
  0.88736E-03  0.43765E-03  0.19701E-03  0.12568E-03  0.87753E-04  0.64973E-04
  0.31421E-03
   1   2  25
   0.0000       0.0000       0.0000       0.0000       0.0000       0.0000    
   0.0000       0.0000       0.0000       0.0000       0.0000       0.0000    
   0.0000      0.82896E-03  0.31919E-01  0.12284E-01  0.31198E-02  0.76317E-03
  0.25354E-03  0.12014E-03  0.52599E-04  0.32932E-04  0.22702E-04  0.16663E-04
  0.80109E-04
   1   3  25
   0.0000       0.0000       0.0000       0.0000       0.0000       0.0000    
   0.0000       0.0000       0.0000       0.0000       0.0000       0.0000    
   0.0000      0.34752E-03  0.17905E-01  0.90739E-02  0.28686E-02  0.67948E-03
  0.15228E-03  0.66261E-04  0.27259E-04  0.16371E-04  0.10969E-04  0.78962E-05
  0.37450E-04
   1   4  25
   0.0000       0.0000       0.0000       0.0000       0.0000       0.0000    
   0.0000       0.0000       0.0000       0.0000       0.0000       0.0000    
   0.0000      0.19868E-03  0.11026E-01  0.67322E-02  0.28819E-02  0.74323E-03
  0.35349E-03  0.14289E-03  0.55627E-04  0.32103E-04  0.20926E-04  0.14781E-04
  0.69186E-04
   1   5  25
   0.0000       0.0000       0.0000       0.0000       0.0000       0.0000    
   0.0000       0.0000       0.0000       0.0000       0.0000       0.0000    
   0.0000      0.80875E-04  0.50882E-02  0.34363E-02  0.19209E-02  0.60084E-03
  0.27811E-03  0.10626E-03  0.39269E-04  0.21835E-04  0.13864E-04  0.96150E-05
  0.44436E-04
   1   6  25
   0.0000       0.0000       0.0000       0.0000       0.0000       0.0000    
   0.0000       0.0000       0.0000       0.0000       0.0000       0.0000    
   0.0000      0.11586E-03  0.82288E-02  0.59392E-02  0.42469E-02  0.19119E-02
  0.87454E-03  0.32260E-03  0.11279E-03  0.59745E-04  0.36599E-04  0.24741E-04
  0.11230E-03
   1   7  25
   0.0000       0.0000       0.0000       0.0000       0.0000       0.0000    
   0.0000       0.0000       0.0000       0.0000       0.0000       0.0000    
   0.0000      0.82414E-04  0.49083E-02  0.36435E-02  0.29795E-02  0.19252E-02
  0.12080E-02  0.48249E-03  0.16432E-03  0.83412E-04  0.49227E-04  0.32343E-04
  0.14377E-03
   1   8  25
   0.0000       0.0000       0.0000       0.0000       0.0000       0.0000    
   0.0000       0.0000       0.0000       0.0000       0.0000       0.0000    
   0.0000      0.67918E-04  0.34042E-02  0.25457E-02  0.21773E-02  0.16726E-02
  0.12135E-02  0.59591E-03  0.21641E-03  0.10961E-03  0.63568E-04  0.41023E-04
  0.17968E-03
   1   9  25
   0.0000       0.0000       0.0000       0.0000       0.0000       0.0000    
   0.0000       0.0000       0.0000       0.0000       0.0000       0.0000    
   0.0000      0.13586E-03  0.90816E-02  0.68087E-02  0.59486E-02  0.50989E-02
  0.50891E-02  0.38628E-02  0.19633E-02  0.11914E-02  0.74763E-03  0.49715E-03
  0.21978E-02
   1  10  25
   0.0000       0.0000       0.0000       0.0000       0.0000       0.0000    
   0.0000       0.0000       0.0000       0.0000       0.0000       0.0000    
   0.0000      0.18923E-03  0.20812E-01  0.15605E-01  0.13659E-01  0.11906E-01
  0.14673E-01  0.13298E-01  0.38862E-01  0.31692E-01  0.25711E-01  0.20833E-01
  0.10634    
 2 2  17  10
 1.839     23.17    
   1   1  25
   0.0000       0.0000       0.0000       0.0000       0.0000       0.0000    
   0.0000       0.0000       0.0000       0.0000       0.0000       0.0000    
   0.0000      0.92234E-03  0.12579      0.14042      0.14711      0.13401    
  0.12479      0.11432      0.77692E-01  0.65270E-01  0.54904E-01  0.46175E-01
  0.24386    
   1   2  25
   0.0000       0.0000       0.0000       0.0000       0.0000       0.0000    
   0.0000       0.0000       0.0000       0.0000       0.0000       0.0000    
   0.0000      0.30640E-03  0.21814E-01  0.28005E-01  0.32145E-01  0.29981E-01
  0.26455E-01  0.24269E-01  0.16499E-01  0.13864E-01  0.11663E-01  0.98094E-02
  0.51809E-01
   1   3  25
   0.0000       0.0000       0.0000       0.0000       0.0000       0.0000    
   0.0000       0.0000       0.0000       0.0000       0.0000       0.0000    
   0.0000      0.45489E-04  0.44207E-02  0.76661E-02  0.11784E-01  0.12094E-01
  0.81293E-02  0.74962E-02  0.50974E-02  0.42863E-02  0.36072E-02  0.30344E-02
  0.16028E-01
   1   4  25
   0.0000       0.0000       0.0000       0.0000       0.0000       0.0000    
   0.0000       0.0000       0.0000       0.0000       0.0000       0.0000    
   0.0000      0.99524E-05  0.10827E-02  0.23471E-02  0.50652E-02  0.61849E-02
  0.97914E-02  0.91211E-02  0.62308E-02  0.52461E-02  0.44175E-02  0.37173E-02
  0.19639E-01
   1   5  25
   0.0000       0.0000       0.0000       0.0000       0.0000       0.0000    
   0.0000       0.0000       0.0000       0.0000       0.0000       0.0000    
   0.0000      0.16083E-05  0.20945E-03  0.53586E-03  0.15559E-02  0.24302E-02
  0.40697E-02  0.38640E-02  0.26504E-02  0.22364E-02  0.18851E-02  0.15871E-02
  0.83875E-02
   1   6  25
   0.0000       0.0000       0.0000       0.0000       0.0000       0.0000    
   0.0000       0.0000       0.0000       0.0000       0.0000       0.0000    
   0.0000      0.59199E-06  0.96060E-04  0.30286E-03  0.12167E-02  0.28512E-02
  0.51296E-02  0.51602E-02  0.36113E-02  0.30671E-02  0.25927E-02  0.21861E-02
  0.11563E-01
   1   7  25
   0.0000       0.0000       0.0000       0.0000       0.0000       0.0000    
   0.0000       0.0000       0.0000       0.0000       0.0000       0.0000    
   0.0000      0.69808E-07  0.10970E-04  0.45014E-04  0.24895E-03  0.88938E-03
  0.23117E-02  0.27316E-02  0.20160E-02  0.17472E-02  0.14902E-02  0.12621E-02
  0.66916E-02
   1   8  25
   0.0000       0.0000       0.0000       0.0000       0.0000       0.0000    
   0.0000       0.0000       0.0000       0.0000       0.0000       0.0000    
   0.0000      0.95728E-08  0.14677E-05  0.78230E-05  0.57776E-04  0.27598E-03
  0.85688E-03  0.12947E-02  0.10727E-02  0.97274E-03  0.84659E-03  0.72428E-03
  0.38617E-02
   1   9  25
   0.0000       0.0000       0.0000       0.0000       0.0000       0.0000    
   0.0000       0.0000       0.0000       0.0000       0.0000       0.0000    
   0.0000      0.28342E-09  0.82280E-07  0.81023E-06  0.11682E-04  0.97247E-04
  0.50097E-03  0.12419E-02  0.15062E-02  0.17216E-02  0.17019E-02  0.15626E-02
  0.86789E-02
   1  10  25
   0.0000       0.0000       0.0000       0.0000       0.0000       0.0000    
   0.0000       0.0000       0.0000       0.0000       0.0000       0.0000    
   0.0000       0.0000       0.0000       0.0000      0.64317E-07  0.18918E-05
  0.27067E-04  0.12525E-03  0.10849E-02  0.18474E-02  0.24925E-02  0.28817E-02
  0.18896E-01
 2 2  23  11
 21.78     75.95    
   1   1  25
  0.50242      0.67832       1.1235       1.3540       1.2052       1.0188    
   1.0270      0.83672      0.73883      0.64079      0.54760      0.46248    
  0.38674      0.31868      0.17402      0.17254      0.17351      0.15576    
  0.14374      0.13077      0.88395E-01  0.73976E-01  0.62062E-01  0.52102E-01
  0.27485    
   1   2  25
  0.40869      0.55164      0.73219      0.88361      0.87471      0.73870    
  0.47096      0.38458      0.34049      0.29590      0.25311      0.21377    
  0.17856      0.14661      0.32521E-01  0.35115E-01  0.37973E-01  0.34777E-01
  0.30399E-01  0.27701E-01  0.18738E-01  0.15689E-01  0.13167E-01  0.11056E-01
  0.58330E-01
   1   3  25
  0.21368E-01  0.29298E-01  0.17297      0.21438      0.24416      0.20753    
  0.13211      0.10291      0.10086      0.93693E-01  0.82722E-01  0.70685E-01
  0.59090E-01  0.48152E-01  0.86355E-02  0.10453E-01  0.14063E-01  0.13974E-01
  0.92902E-02  0.85139E-02  0.57653E-02  0.48341E-02  0.40603E-02  0.34113E-02
  0.18004E-01
   1   4  25
  0.71500E-02  0.11175E-01  0.41691E-01  0.60476E-01  0.95462E-01  0.85924E-01
  0.38849E-01  0.13045E-01  0.18259E-01  0.25941E-01  0.30611E-01  0.30056E-01
  0.26605E-01  0.22141E-01  0.31477E-02  0.37255E-02  0.62033E-02  0.71341E-02
  0.11131E-01  0.10309E-01  0.70187E-02  0.58967E-02  0.49584E-02  0.41686E-02
  0.22010E-01
   1   5  25
  0.22084E-02  0.43143E-02  0.87913E-02  0.17899E-01  0.23494E-01  0.25440E-01
  0.10884E-01  0.19222E-02  0.19793E-02  0.25332E-02  0.39816E-02  0.57001E-02
  0.64922E-02  0.62095E-02  0.96614E-03  0.10621E-02  0.20029E-02  0.28115E-02
  0.46068E-02  0.43472E-02  0.29739E-02  0.25057E-02  0.21102E-02  0.17757E-02
  0.93804E-02
   1   6  25
  0.16366E-03  0.41653E-03  0.19555E-02  0.62293E-02  0.94779E-02  0.16211E-01
  0.72366E-02  0.14845E-02  0.15319E-02  0.14788E-02  0.14765E-02  0.17644E-02
  0.24792E-02  0.33151E-02  0.90660E-03  0.93180E-03  0.17908E-02  0.33670E-02
  0.57928E-02  0.57735E-02  0.40313E-02  0.34214E-02  0.28916E-02  0.24379E-02
  0.12893E-01
   1   7  25
  0.21861E-05  0.76151E-05  0.35861E-04  0.18014E-03  0.48480E-03  0.14314E-02
  0.11469E-02  0.36463E-03  0.51998E-03  0.61655E-03  0.64692E-03  0.63535E-03
  0.63170E-03  0.70759E-03  0.32905E-03  0.30680E-03  0.50457E-03  0.11348E-02
  0.26423E-02  0.30503E-02  0.22405E-02  0.19405E-02  0.16554E-02  0.14024E-02
  0.74379E-02
   1   8  25
   0.0000      0.11629E-06  0.57665E-06  0.44738E-05  0.25771E-04  0.12231E-03
  0.17105E-03  0.83538E-04  0.17193E-03  0.27102E-03  0.34791E-03  0.38603E-03
  0.38939E-03  0.37870E-03  0.18307E-03  0.15426E-03  0.19981E-03  0.41530E-03
  0.10224E-02  0.14603E-02  0.11935E-02  0.10790E-02  0.93873E-03  0.80331E-03
  0.42843E-02
   1   9  25
   0.0000       0.0000       0.0000       0.0000      0.93871E-07  0.12969E-05
  0.55024E-05  0.67552E-05  0.31056E-04  0.96024E-04  0.20999E-03  0.34479E-03
  0.45259E-03  0.50517E-03  0.36814E-03  0.30584E-03  0.30073E-03  0.37127E-03
  0.82946E-03  0.15820E-02  0.17664E-02  0.19616E-02  0.19176E-02  0.17520E-02
  0.97081E-02
   1  10  25
   0.0000       0.0000       0.0000       0.0000       0.0000       0.0000    
   0.0000       0.0000      0.13166E-06  0.17571E-05  0.12426E-04  0.51481E-04
  0.13653E-03  0.25213E-03  0.42185E-03  0.42904E-03  0.45471E-03  0.44859E-03
  0.62633E-03  0.71912E-03  0.30561E-02  0.37373E-02  0.42946E-02  0.45520E-02
  0.28336E-01
 2 2  24  14
 21.78     75.95    
   1   1  25
  0.50242      0.67832       1.1235       1.3540       1.2052       1.0188    
   1.0270      0.83672      0.73883      0.64079      0.54760      0.46248    
  0.38674      0.31868      0.17402      0.17254      0.17351      0.15576    
  0.14374      0.13077      0.88395E-01  0.73976E-01  0.62062E-01  0.52102E-01
  0.27485    
   1   2  25
  0.40869      0.55164      0.73219      0.88361      0.87471      0.73870    
  0.47096      0.38458      0.34049      0.29590      0.25311      0.21377    
  0.17856      0.14661      0.32521E-01  0.35115E-01  0.37973E-01  0.34777E-01
  0.30399E-01  0.27701E-01  0.18738E-01  0.15689E-01  0.13167E-01  0.11056E-01
  0.58330E-01
   1   3  25
  0.21368E-01  0.29298E-01  0.17297      0.21438      0.24416      0.20753    
  0.13211      0.10291      0.10086      0.93693E-01  0.82722E-01  0.70685E-01
  0.59090E-01  0.48152E-01  0.86355E-02  0.10453E-01  0.14063E-01  0.13974E-01
  0.92902E-02  0.85139E-02  0.57653E-02  0.48341E-02  0.40603E-02  0.34113E-02
  0.18004E-01
   1   4  25
  0.71500E-02  0.11175E-01  0.41691E-01  0.60476E-01  0.95462E-01  0.85924E-01
  0.38849E-01  0.13045E-01  0.18259E-01  0.25941E-01  0.30611E-01  0.30056E-01
  0.26605E-01  0.22141E-01  0.31477E-02  0.37255E-02  0.62033E-02  0.71341E-02
  0.11131E-01  0.10309E-01  0.70187E-02  0.58967E-02  0.49584E-02  0.41686E-02
  0.22010E-01
   1   5  25
  0.22084E-02  0.43143E-02  0.87913E-02  0.17899E-01  0.23494E-01  0.25440E-01
  0.10884E-01  0.19222E-02  0.19793E-02  0.25332E-02  0.39816E-02  0.57001E-02
  0.64922E-02  0.62095E-02  0.96614E-03  0.10621E-02  0.20029E-02  0.28115E-02
  0.46068E-02  0.43472E-02  0.29739E-02  0.25057E-02  0.21102E-02  0.17757E-02
  0.93804E-02
   1   6  25
  0.16366E-03  0.41653E-03  0.19555E-02  0.62293E-02  0.94779E-02  0.16211E-01
  0.72366E-02  0.14845E-02  0.15319E-02  0.14788E-02  0.14765E-02  0.17644E-02
  0.24792E-02  0.33151E-02  0.90660E-03  0.93180E-03  0.17908E-02  0.33670E-02
  0.57928E-02  0.57735E-02  0.40313E-02  0.34214E-02  0.28916E-02  0.24379E-02
  0.12893E-01
   1   7  25
  0.21861E-05  0.76151E-05  0.35861E-04  0.18014E-03  0.48480E-03  0.14314E-02
  0.11469E-02  0.36463E-03  0.51998E-03  0.61655E-03  0.64692E-03  0.63535E-03
  0.63170E-03  0.70759E-03  0.32905E-03  0.30680E-03  0.50457E-03  0.11348E-02
  0.26423E-02  0.30503E-02  0.22405E-02  0.19405E-02  0.16554E-02  0.14024E-02
  0.74379E-02
   1   8  25
   0.0000      0.11629E-06  0.57665E-06  0.44738E-05  0.25771E-04  0.12231E-03
  0.17105E-03  0.83538E-04  0.17193E-03  0.27102E-03  0.34791E-03  0.38603E-03
  0.38939E-03  0.37870E-03  0.18307E-03  0.15426E-03  0.19981E-03  0.41530E-03
  0.10224E-02  0.14603E-02  0.11935E-02  0.10790E-02  0.93873E-03  0.80331E-03
  0.42843E-02
   1   9  25
   0.0000       0.0000       0.0000       0.0000      0.93871E-07  0.12969E-05
  0.55024E-05  0.67552E-05  0.31056E-04  0.96024E-04  0.20999E-03  0.34479E-03
  0.45259E-03  0.50517E-03  0.36814E-03  0.30584E-03  0.30073E-03  0.37127E-03
  0.82946E-03  0.15820E-02  0.17664E-02  0.19616E-02  0.19176E-02  0.17520E-02
  0.97081E-02
   1  10  25
   0.0000       0.0000       0.0000       0.0000       0.0000       0.0000    
   0.0000       0.0000      0.13166E-06  0.17571E-05  0.12426E-04  0.51481E-04
  0.13653E-03  0.25213E-03  0.42185E-03  0.42904E-03  0.45471E-03  0.44859E-03
  0.62633E-03  0.71912E-03  0.30561E-02  0.37373E-02  0.42946E-02  0.45520E-02
  0.28336E-01
 2 2  22  13
 6.004     6.605    
   1   1  25
  0.46459E-02  0.71797E-02  0.12782E-01  0.16653E-01  0.17747E-01  0.20942E-01
  0.19293E-01  0.75091E-02  0.89107E-02  0.10804E-01  0.12745E-01  0.14251E-01
  0.15316E-01  0.18008E-01  0.12527      0.48715E-01  0.19474E-01  0.12271E-01
  0.10969E-01  0.10437E-01  0.74139E-02  0.64487E-02  0.55570E-02  0.47487E-02
  0.25343E-01
   1   2  25
  0.96078E-02  0.13859E-01  0.18188E-01  0.21567E-01  0.23090E-01  0.24602E-01
  0.15781E-01  0.81605E-02  0.73662E-02  0.72307E-02  0.75695E-02  0.80117E-02
  0.84823E-02  0.10019E-01  0.34938E-01  0.14755E-01  0.55257E-02  0.30960E-02
  0.24786E-02  0.23090E-02  0.16218E-02  0.14013E-02  0.12026E-02  0.10251E-02
  0.54618E-02
   1   3  25
  0.41873E-02  0.52499E-02  0.25342E-01  0.24843E-01  0.24285E-01  0.20695E-01
  0.36380E-01  0.33040E-01  0.19551E-01  0.11235E-01  0.75129E-02  0.60842E-02
  0.56547E-02  0.60657E-02  0.19393E-01  0.10268E-01  0.40103E-02  0.17614E-02
  0.90454E-03  0.79142E-03  0.53846E-03  0.45743E-03  0.38863E-03  0.32920E-03
  0.17472E-02
   1   4  25
  0.11680E-01  0.14282E-01  0.36027E-01  0.33274E-01  0.35778E-01  0.25654E-01
  0.50595E-01  0.59125E-01  0.45663E-01  0.29762E-01  0.17292E-01  0.10698E-01
  0.77652E-02  0.66411E-02  0.12054E-01  0.75127E-02  0.35993E-02  0.14006E-02
  0.13574E-02  0.10902E-02  0.71420E-03  0.59444E-03  0.49915E-03  0.41987E-03
  0.22186E-02
   1   5  25
  0.30072E-01  0.39325E-01  0.44807E-01  0.46756E-01  0.33178E-01  0.22742E-01
  0.24477E-01  0.26610E-01  0.23292E-01  0.19489E-01  0.14956E-01  0.10412E-01
  0.70961E-02  0.51696E-02  0.56848E-02  0.38546E-02  0.22857E-02  0.92239E-03
  0.74546E-03  0.53811E-03  0.33458E-03  0.27149E-03  0.22479E-03  0.18752E-03
  0.98582E-03
   1   6  25
  0.53636E-01  0.72316E-01  0.14276      0.16834      0.97901E-01  0.75080E-01
  0.42685E-01  0.38797E-01  0.34146E-01  0.29611E-01  0.25260E-01  0.20982E-01
  0.16704E-01  0.12750E-01  0.95448E-02  0.67945E-02  0.49485E-02  0.25005E-02
  0.15983E-02  0.97285E-03  0.54972E-03  0.42401E-03  0.34152E-03  0.28038E-03
  0.14596E-02
   1   7  25
  0.49763E-01  0.67270E-01  0.91082E-01  0.10973      0.71101E-01  0.59430E-01
  0.34214E-01  0.28168E-01  0.24752E-01  0.21405E-01  0.18291E-01  0.15477E-01
  0.12957E-01  0.10672E-01  0.58468E-02  0.42587E-02  0.34777E-02  0.23324E-02
  0.16904E-02  0.90450E-03  0.44150E-03  0.31083E-03  0.23750E-03  0.18902E-03
  0.96549E-03
   1   8  25
  0.39005E-01  0.52731E-01  0.50918E-01  0.61418E-01  0.53664E-01  0.45523E-01
  0.28950E-01  0.23414E-01  0.20640E-01  0.17865E-01  0.15248E-01  0.12883E-01
  0.10801E-01  0.89923E-02  0.40925E-02  0.30065E-02  0.25572E-02  0.19851E-02
  0.15263E-02  0.86607E-03  0.39224E-03  0.25210E-03  0.18042E-03  0.13762E-03
  0.68406E-03
   1   9  25
  0.12105      0.16365      0.10720      0.12931      0.98430E-01  0.83682E-01
  0.58237E-01  0.46988E-01  0.41593E-01  0.36175E-01  0.30982E-01  0.26193E-01
  0.21928E-01  0.18237E-01  0.11033E-01  0.81228E-02  0.70512E-02  0.60297E-02
  0.60520E-02  0.46991E-02  0.25013E-02  0.16208E-02  0.10944E-02  0.78038E-03
  0.36636E-02
   1  10  25
  0.79355E-01  0.10728      0.69678E-01  0.84052E-01  0.74569E-01  0.63397E-01
  0.81123E-01  0.65457E-01  0.57976E-01  0.50519E-01  0.43434E-01  0.36912E-01
  0.31037E-01  0.25853E-01  0.25707E-01  0.18887E-01  0.16393E-01  0.14220E-01
  0.17469E-01  0.15798E-01  0.46082E-01  0.37510E-01  0.30385E-01  0.24605E-01
  0.12562    
 1 1  25
 2.000    
 1 1   8
 24.37    
 1 1  10
 17.74    
 1 1  13
 38.45    
 1 2   1
 27.78     0.000    
   1   1  25
  0.50706      0.68550       1.1363       1.3707       1.2229       1.0397    
   1.0463      0.84423      0.74774      0.65159      0.56034      0.47673    
  0.40205      0.33669      0.29929      0.22125      0.19299      0.16803    
  0.15471      0.14121      0.95809E-01  0.80424E-01  0.67619E-01  0.56851E-01
  0.30019    
   1   2  25
  0.41829      0.56550      0.75038      0.90517      0.89780      0.76330    
  0.48674      0.39274      0.34786      0.30313      0.26068      0.22178    
  0.18704      0.15663      0.67459E-01  0.49870E-01  0.43499E-01  0.37873E-01
  0.32878E-01  0.30010E-01  0.20360E-01  0.17091E-01  0.14369E-01  0.12081E-01
  0.63792E-01
   1   3  25
  0.25555E-01  0.34548E-01  0.19831      0.23922      0.26845      0.22823    
  0.16849      0.13595      0.12041      0.10493      0.90235E-01  0.76769E-01
  0.64744E-01  0.54218E-01  0.28029E-01  0.20721E-01  0.18073E-01  0.15736E-01
  0.10195E-01  0.93053E-02  0.63037E-02  0.52915E-02  0.44490E-02  0.37405E-02
  0.19751E-01
   1   4  25
  0.18830E-01  0.25456E-01  0.77718E-01  0.93750E-01  0.13124      0.11158    
  0.89444E-01  0.72171E-01  0.63922E-01  0.55703E-01  0.47902E-01  0.40754E-01
  0.34371E-01  0.28782E-01  0.15202E-01  0.11238E-01  0.98026E-02  0.85346E-02
  0.12489E-01  0.11399E-01  0.77329E-02  0.64911E-02  0.54576E-02  0.45885E-02
  0.24229E-01
   1   5  25
  0.32280E-01  0.43639E-01  0.53599E-01  0.64655E-01  0.56672E-01  0.48182E-01
  0.35361E-01  0.28532E-01  0.25272E-01  0.22022E-01  0.18938E-01  0.16112E-01
  0.13588E-01  0.11379E-01  0.66509E-02  0.49167E-02  0.42886E-02  0.37339E-02
  0.53522E-02  0.48853E-02  0.33085E-02  0.27772E-02  0.23350E-02  0.19632E-02
  0.10366E-01
   1   6  25
  0.53800E-01  0.72733E-01  0.14472      0.17457      0.10738      0.91291E-01
  0.49922E-01  0.40281E-01  0.35678E-01  0.31090E-01  0.26736E-01  0.22746E-01
  0.19183E-01  0.16065E-01  0.10451E-01  0.77263E-02  0.67393E-02  0.58676E-02
  0.73912E-02  0.67463E-02  0.45810E-02  0.38454E-02  0.32331E-02  0.27183E-02
  0.14353E-01
   1   7  25
  0.49765E-01  0.67278E-01  0.91118E-01  0.10991      0.71586E-01  0.60861E-01
  0.35361E-01  0.28532E-01  0.25272E-01  0.22022E-01  0.18938E-01  0.16112E-01
  0.13588E-01  0.11379E-01  0.61759E-02  0.45655E-02  0.39823E-02  0.34672E-02
  0.43328E-02  0.39548E-02  0.26820E-02  0.22514E-02  0.18929E-02  0.15915E-02
  0.84033E-02
   1   8  25
  0.39005E-01  0.52731E-01  0.50919E-01  0.61422E-01  0.53689E-01  0.45646E-01
  0.29121E-01  0.23497E-01  0.20812E-01  0.18136E-01  0.15596E-01  0.13269E-01
  0.11190E-01  0.93710E-02  0.42756E-02  0.31608E-02  0.27570E-02  0.24004E-02
  0.25487E-02  0.23263E-02  0.15857E-02  0.13311E-02  0.11191E-02  0.94093E-03
  0.49684E-02
   1   9  25
  0.12105      0.16365      0.10720      0.12931      0.98430E-01  0.83684E-01
  0.58242E-01  0.46995E-01  0.41624E-01  0.36272E-01  0.31192E-01  0.26538E-01
  0.22381E-01  0.18742E-01  0.11402E-01  0.84287E-02  0.73519E-02  0.64010E-02
  0.68814E-02  0.62811E-02  0.42677E-02  0.35825E-02  0.30120E-02  0.25324E-02
  0.13372E-01
   1  10  25
  0.79355E-01  0.10728      0.69678E-01  0.84052E-01  0.74569E-01  0.63397E-01
  0.81123E-01  0.65457E-01  0.57976E-01  0.50521E-01  0.43446E-01  0.36963E-01
  0.31173E-01  0.26105E-01  0.26129E-01  0.19316E-01  0.16848E-01  0.14669E-01
  0.18096E-01  0.16517E-01  0.49138E-01  0.41247E-01  0.34680E-01  0.29157E-01
  0.15396    
 1 2  22
 6.004     6.605    
   1   1  25
  0.46459E-02  0.71797E-02  0.12782E-01  0.16653E-01  0.17747E-01  0.20942E-01
  0.19293E-01  0.75091E-02  0.89107E-02  0.10804E-01  0.12745E-01  0.14251E-01
  0.15316E-01  0.18008E-01  0.12527      0.48715E-01  0.19474E-01  0.12271E-01
  0.10969E-01  0.10437E-01  0.74139E-02  0.64487E-02  0.55570E-02  0.47487E-02
  0.25343E-01
   1   2  25
  0.96078E-02  0.13859E-01  0.18188E-01  0.21567E-01  0.23090E-01  0.24602E-01
  0.15781E-01  0.81605E-02  0.73662E-02  0.72307E-02  0.75695E-02  0.80117E-02
  0.84823E-02  0.10019E-01  0.34938E-01  0.14755E-01  0.55257E-02  0.30960E-02
  0.24786E-02  0.23090E-02  0.16218E-02  0.14013E-02  0.12026E-02  0.10251E-02
  0.54618E-02
   1   3  25
  0.41873E-02  0.52499E-02  0.25342E-01  0.24843E-01  0.24285E-01  0.20695E-01
  0.36380E-01  0.33040E-01  0.19551E-01  0.11235E-01  0.75129E-02  0.60842E-02
  0.56547E-02  0.60657E-02  0.19393E-01  0.10268E-01  0.40103E-02  0.17614E-02
  0.90454E-03  0.79142E-03  0.53846E-03  0.45743E-03  0.38863E-03  0.32920E-03
  0.17472E-02
   1   4  25
  0.11680E-01  0.14282E-01  0.36027E-01  0.33274E-01  0.35778E-01  0.25654E-01
  0.50595E-01  0.59125E-01  0.45663E-01  0.29762E-01  0.17292E-01  0.10698E-01
  0.77652E-02  0.66411E-02  0.12054E-01  0.75127E-02  0.35993E-02  0.14006E-02
  0.13574E-02  0.10902E-02  0.71420E-03  0.59444E-03  0.49915E-03  0.41987E-03
  0.22186E-02
   1   5  25
  0.30072E-01  0.39325E-01  0.44807E-01  0.46756E-01  0.33178E-01  0.22742E-01
  0.24477E-01  0.26610E-01  0.23292E-01  0.19489E-01  0.14956E-01  0.10412E-01
  0.70961E-02  0.51696E-02  0.56848E-02  0.38546E-02  0.22857E-02  0.92239E-03
  0.74546E-03  0.53811E-03  0.33458E-03  0.27149E-03  0.22479E-03  0.18752E-03
  0.98582E-03
   1   6  25
  0.53636E-01  0.72316E-01  0.14276      0.16834      0.97901E-01  0.75080E-01
  0.42685E-01  0.38797E-01  0.34146E-01  0.29611E-01  0.25260E-01  0.20982E-01
  0.16704E-01  0.12750E-01  0.95448E-02  0.67945E-02  0.49485E-02  0.25005E-02
  0.15983E-02  0.97285E-03  0.54972E-03  0.42401E-03  0.34152E-03  0.28038E-03
  0.14596E-02
   1   7  25
  0.49763E-01  0.67270E-01  0.91082E-01  0.10973      0.71101E-01  0.59430E-01
  0.34214E-01  0.28168E-01  0.24752E-01  0.21405E-01  0.18291E-01  0.15477E-01
  0.12957E-01  0.10672E-01  0.58468E-02  0.42587E-02  0.34777E-02  0.23324E-02
  0.16904E-02  0.90450E-03  0.44150E-03  0.31083E-03  0.23750E-03  0.18902E-03
  0.96549E-03
   1   8  25
  0.39005E-01  0.52731E-01  0.50918E-01  0.61418E-01  0.53664E-01  0.45523E-01
  0.28950E-01  0.23414E-01  0.20640E-01  0.17865E-01  0.15248E-01  0.12883E-01
  0.10801E-01  0.89923E-02  0.40925E-02  0.30065E-02  0.25572E-02  0.19851E-02
  0.15263E-02  0.86607E-03  0.39224E-03  0.25210E-03  0.18042E-03  0.13762E-03
  0.68406E-03
   1   9  25
  0.12105      0.16365      0.10720      0.12931      0.98430E-01  0.83682E-01
  0.58237E-01  0.46988E-01  0.41593E-01  0.36175E-01  0.30982E-01  0.26193E-01
  0.21928E-01  0.18237E-01  0.11033E-01  0.81228E-02  0.70512E-02  0.60297E-02
  0.60520E-02  0.46991E-02  0.25013E-02  0.16208E-02  0.10944E-02  0.78038E-03
  0.36636E-02
   1  10  25
  0.79355E-01  0.10728      0.69678E-01  0.84052E-01  0.74569E-01  0.63397E-01
  0.81123E-01  0.65457E-01  0.57976E-01  0.50519E-01  0.43434E-01  0.36912E-01
  0.31037E-01  0.25853E-01  0.25707E-01  0.18887E-01  0.16393E-01  0.14220E-01
  0.17469E-01  0.15798E-01  0.46082E-01  0.37510E-01  0.30385E-01  0.24605E-01
  0.12562    
 1 2  24
 21.78     75.95    
   1   1  25
  0.50242      0.67832       1.1235       1.3540       1.2052       1.0188    
   1.0270      0.83672      0.73883      0.64079      0.54760      0.46248    
  0.38674      0.31868      0.17402      0.17254      0.17351      0.15576    
  0.14374      0.13077      0.88395E-01  0.73976E-01  0.62062E-01  0.52102E-01
  0.27485    
   1   2  25
  0.40869      0.55164      0.73219      0.88361      0.87471      0.73870    
  0.47096      0.38458      0.34049      0.29590      0.25311      0.21377    
  0.17856      0.14661      0.32521E-01  0.35115E-01  0.37973E-01  0.34777E-01
  0.30399E-01  0.27701E-01  0.18738E-01  0.15689E-01  0.13167E-01  0.11056E-01
  0.58330E-01
   1   3  25
  0.21368E-01  0.29298E-01  0.17297      0.21438      0.24416      0.20753    
  0.13211      0.10291      0.10086      0.93693E-01  0.82722E-01  0.70685E-01
  0.59090E-01  0.48152E-01  0.86355E-02  0.10453E-01  0.14063E-01  0.13974E-01
  0.92902E-02  0.85139E-02  0.57653E-02  0.48341E-02  0.40603E-02  0.34113E-02
  0.18004E-01
   1   4  25
  0.71500E-02  0.11175E-01  0.41691E-01  0.60476E-01  0.95462E-01  0.85924E-01
  0.38849E-01  0.13045E-01  0.18259E-01  0.25941E-01  0.30611E-01  0.30056E-01
  0.26605E-01  0.22141E-01  0.31477E-02  0.37255E-02  0.62033E-02  0.71341E-02
  0.11131E-01  0.10309E-01  0.70187E-02  0.58967E-02  0.49584E-02  0.41686E-02
  0.22010E-01
   1   5  25
  0.22084E-02  0.43143E-02  0.87913E-02  0.17899E-01  0.23494E-01  0.25440E-01
  0.10884E-01  0.19222E-02  0.19793E-02  0.25332E-02  0.39816E-02  0.57001E-02
  0.64922E-02  0.62095E-02  0.96614E-03  0.10621E-02  0.20029E-02  0.28115E-02
  0.46068E-02  0.43472E-02  0.29739E-02  0.25057E-02  0.21102E-02  0.17757E-02
  0.93804E-02
   1   6  25
  0.16366E-03  0.41653E-03  0.19555E-02  0.62293E-02  0.94779E-02  0.16211E-01
  0.72366E-02  0.14845E-02  0.15319E-02  0.14788E-02  0.14765E-02  0.17644E-02
  0.24792E-02  0.33151E-02  0.90660E-03  0.93180E-03  0.17908E-02  0.33670E-02
  0.57928E-02  0.57735E-02  0.40313E-02  0.34214E-02  0.28916E-02  0.24379E-02
  0.12893E-01
   1   7  25
  0.21861E-05  0.76151E-05  0.35861E-04  0.18014E-03  0.48480E-03  0.14314E-02
  0.11469E-02  0.36463E-03  0.51998E-03  0.61655E-03  0.64692E-03  0.63535E-03
  0.63170E-03  0.70759E-03  0.32905E-03  0.30680E-03  0.50457E-03  0.11348E-02
  0.26423E-02  0.30503E-02  0.22405E-02  0.19405E-02  0.16554E-02  0.14024E-02
  0.74379E-02
   1   8  25
   0.0000      0.11629E-06  0.57665E-06  0.44738E-05  0.25771E-04  0.12231E-03
  0.17105E-03  0.83538E-04  0.17193E-03  0.27102E-03  0.34791E-03  0.38603E-03
  0.38939E-03  0.37870E-03  0.18307E-03  0.15426E-03  0.19981E-03  0.41530E-03
  0.10224E-02  0.14603E-02  0.11935E-02  0.10790E-02  0.93873E-03  0.80331E-03
  0.42843E-02
   1   9  25
   0.0000       0.0000       0.0000       0.0000      0.93871E-07  0.12969E-05
  0.55024E-05  0.67552E-05  0.31056E-04  0.96024E-04  0.20999E-03  0.34479E-03
  0.45259E-03  0.50517E-03  0.36814E-03  0.30584E-03  0.30073E-03  0.37127E-03
  0.82946E-03  0.15820E-02  0.17664E-02  0.19616E-02  0.19176E-02  0.17520E-02
  0.97081E-02
   1  10  25
   0.0000       0.0000       0.0000       0.0000       0.0000       0.0000    
   0.0000       0.0000      0.13166E-06  0.17571E-05  0.12426E-04  0.51481E-04
  0.13653E-03  0.25213E-03  0.42185E-03  0.42904E-03  0.45471E-03  0.44859E-03
  0.62633E-03  0.71912E-03  0.30561E-02  0.37373E-02  0.42946E-02  0.45520E-02
  0.28336E-01
 199   0
