ex1bV3
Number of classes   25   10    1
Number of streams    25

Data input flags
TTTTTTTTTTTTTTTTTTTTTTTTT

Flags to indicate solids in the streams
TTTTTTTFTFTTFTTTTTTTTTTTF

Representative sizes
   0.7500E-01   0.5303E-01   0.3750E-01   0.2652E-01   0.1875E-01   0.1326E-01
   0.9375E-02   0.6629E-02   0.4688E-02   0.3315E-02   0.2344E-02   0.1657E-02
   0.1172E-02   0.8286E-03   0.5859E-03   0.4143E-03   0.2930E-03   0.2072E-03
   0.1465E-03   0.1036E-03   0.7324E-04   0.5179E-04   0.3662E-04   0.2590E-04
   0.1831E-04

Mesh sizes
   0.6309E-01   0.4457E-01   0.3155E-01   0.2229E-01   0.1577E-01   0.1115E-01
   0.7883E-02   0.5575E-02   0.3942E-02   0.2787E-02   0.1971E-02   0.1393E-02
   0.9861E-03   0.6962E-03   0.4930E-03   0.3481E-03   0.2466E-03   0.1741E-03
   0.1233E-03   0.8706E-04   0.6161E-04   0.4353E-04   0.3080E-04   0.2178E-04
    0.000    
Stream    1
   0.9516       0.8861       0.7897       0.6733       0.5659       0.4746    
   0.3998       0.3393       0.2858       0.2392       0.1991       0.1650    
   0.1362       0.1121       0.9502E-01   0.8237E-01   0.7135E-01   0.6175E-01
   0.5257E-01   0.4420E-01   0.3715E-01   0.3124E-01   0.2626E-01   0.2208E-01
    0.000    
Stream    2
    1.000        1.000        1.000        1.000        1.000        1.000    
   0.9084       0.7711       0.6495       0.5436       0.4524       0.3749    
   0.3095       0.2548       0.2159       0.1872       0.1621       0.1403    
   0.1195       0.1004       0.8442E-01   0.7098E-01   0.5968E-01   0.5017E-01
    0.000    
Stream    3
    1.000        1.000        1.000        1.000        1.000        1.000    
   0.9084       0.7711       0.6495       0.5436       0.4524       0.3749    
   0.3095       0.2548       0.2159       0.1872       0.1621       0.1403    
   0.1195       0.1004       0.8442E-01   0.7098E-01   0.5968E-01   0.5017E-01
    0.000    
Stream    4
    1.000        1.000        1.000        1.000        1.000        1.000    
   0.9017       0.7542       0.6237       0.5099       0.4120       0.3288    
   0.2586       0.2002       0.1653       0.1423       0.1228       0.1061    
   0.9019E-01   0.7574E-01   0.6362E-01   0.5347E-01   0.4494E-01   0.3778E-01
    0.000    
Stream    5
    1.000        1.000        1.000        1.000        1.000        1.000    
   0.8811       0.7029       0.5451       0.4075       0.2892       0.1886    
   0.1037       0.3321E-01   0.2741E-01   0.2360E-01   0.2037E-01   0.1759E-01
   0.1496E-01   0.1256E-01   0.1055E-01   0.8868E-02   0.7454E-02   0.6267E-02
    0.000    
Stream    6
    1.000        1.000        1.000        1.000        1.000        1.000    
    1.000        1.000        1.000        1.000        1.000        1.000    
    1.000       0.9936       0.9019       0.7957       0.6948       0.6042    
   0.5162       0.4350       0.3663       0.3083       0.2593       0.2181    
    0.000    
Stream    7
    1.000        1.000        1.000        1.000        1.000        1.000    
    1.000        1.000        1.000        1.000        1.000        1.000    
    1.000        1.000       0.8254       0.7105       0.6133       0.5297    
   0.4504       0.3782       0.3177       0.2670       0.2244       0.1887    
    0.000    
Stream    8
    1.000        1.000        1.000        1.000        1.000        1.000    
    1.000        1.000        1.000        1.000        1.000        1.000    
    1.000        1.000       0.8254       0.7105       0.6133       0.5297    
   0.4504       0.3782       0.3177       0.2670       0.2244       0.1887    
    0.000    
Stream    9
    1.000        1.000        1.000        1.000        1.000        1.000    
   0.8811       0.7029       0.5451       0.4075       0.2892       0.1886    
   0.1037       0.3321E-01   0.2741E-01   0.2360E-01   0.2037E-01   0.1759E-01
   0.1496E-01   0.1256E-01   0.1055E-01   0.8868E-02   0.7454E-02   0.6267E-02
    0.000    
Stream   10
    1.000        1.000        1.000        1.000        1.000        1.000    
   0.8811       0.7029       0.5451       0.4075       0.2892       0.1886    
   0.1037       0.3321E-01   0.2741E-01   0.2360E-01   0.2037E-01   0.1759E-01
   0.1496E-01   0.1256E-01   0.1055E-01   0.8868E-02   0.7454E-02   0.6267E-02
    0.000    
Stream   11
   0.9198       0.8115       0.6517       0.4590       0.2813       0.1301    
   0.6619E-01   0.5619E-01   0.4733E-01   0.3961E-01   0.3297E-01   0.2732E-01
   0.2255E-01   0.1856E-01   0.1573E-01   0.1364E-01   0.1181E-01   0.1022E-01
   0.8705E-02   0.7318E-02   0.6151E-02   0.5172E-02   0.4348E-02   0.3656E-02
    0.000    
Stream   12
   0.9198       0.8115       0.6517       0.4590       0.2813       0.1301    
   0.6619E-01   0.5619E-01   0.4733E-01   0.3961E-01   0.3297E-01   0.2732E-01
   0.2255E-01   0.1856E-01   0.1573E-01   0.1364E-01   0.1181E-01   0.1022E-01
   0.8705E-02   0.7318E-02   0.6151E-02   0.5172E-02   0.4348E-02   0.3656E-02
    0.000    
Stream   13
   0.9198       0.8115       0.6517       0.4590       0.2813       0.1301    
   0.6619E-01   0.5619E-01   0.4733E-01   0.3961E-01   0.3297E-01   0.2732E-01
   0.2255E-01   0.1856E-01   0.1573E-01   0.1364E-01   0.1181E-01   0.1022E-01
   0.8705E-02   0.7318E-02   0.6151E-02   0.5172E-02   0.4348E-02   0.3656E-02
    0.000    
Stream   14
    1.000        1.000        1.000        1.000        1.000        1.000    
    1.000        1.000        1.000        1.000        1.000        1.000    
    1.000       0.9981       0.8483       0.7360       0.6377       0.5520    
   0.4701       0.3952       0.3322       0.2794       0.2349       0.1975    
    0.000    
Stream   15
   0.9277       0.8297       0.6699       0.4751       0.2867       0.1259    
   0.5721E-01   0.4666E-01   0.3764E-01   0.3018E-01   0.2417E-01   0.1939E-01
   0.1560E-01   0.1258E-01   0.1052E-01   0.9032E-02   0.7751E-02   0.6648E-02
   0.5610E-02   0.4666E-02   0.3924E-02   0.3301E-02   0.2775E-02   0.2334E-02
    0.000    
Stream   16
    1.000        1.000        1.000        1.000        1.000        1.000    
   0.8852       0.7111       0.5542       0.4147       0.2929       0.1882    
   0.9970E-01   0.2647E-01   0.2050E-01   0.1670E-01   0.1364E-01   0.1119E-01
   0.9088E-02   0.7307E-02   0.6142E-02   0.5179E-02   0.4367E-02   0.3677E-02
    0.000    
Stream   17
    1.000        1.000        1.000        1.000        1.000        1.000    
    1.000        1.000        1.000        1.000        1.000        1.000    
    1.000       0.9993       0.9159       0.8184       0.7101       0.6075    
   0.5085       0.4163       0.3524       0.2979       0.2514       0.2117    
    0.000    
Stream   18
   0.8927       0.7481       0.5886       0.4033       0.2623       0.1447    
   0.9733E-01   0.8921E-01   0.8091E-01   0.7228E-01   0.6348E-01   0.5481E-01
   0.4666E-01   0.3930E-01   0.3380E-01   0.2962E-01   0.2590E-01   0.2262E-01
   0.1944E-01   0.1651E-01   0.1387E-01   0.1166E-01   0.9802E-02   0.8240E-02
    0.000    
Stream   19
    1.000        1.000        1.000        1.000        1.000        1.000    
   0.8630       0.6665       0.5047       0.3755       0.2729       0.1901    
   0.1215       0.6309E-01   0.5801E-01   0.5413E-01   0.5015E-01   0.4597E-01
   0.4095E-01   0.3583E-01   0.3008E-01   0.2520E-01   0.2112E-01   0.1773E-01
    0.000    
Stream   20
   0.9242       0.8221       0.7094       0.5786       0.4789       0.3959    
   0.3222       0.2588       0.2054       0.1613       0.1250       0.9454E-01
   0.6864E-01   0.4629E-01   0.4091E-01   0.3682E-01   0.3302E-01   0.2948E-01
   0.2575E-01   0.2219E-01   0.1863E-01   0.1564E-01   0.1313E-01   0.1103E-01
    0.000    
Stream   21
    1.000        1.000        1.000        1.000        1.000        1.000    
    1.000        1.000        1.000        1.000        1.000        1.000    
    1.000       0.9948       0.6674       0.5154       0.4439       0.4036    
   0.3672       0.3389       0.2783       0.2297       0.1907       0.1594    
    0.000    
Stream   22
   0.9329       0.8424       0.7427       0.6268       0.5386       0.4650    
   0.3997       0.3436       0.2963       0.2573       0.2251       0.1982    
   0.1752       0.1548       0.1126       0.9158E-01   0.8004E-01   0.7229E-01
   0.6483E-01   0.5843E-01   0.4834E-01   0.4013E-01   0.3345E-01   0.2800E-01
    0.000    
Stream   23
   0.9567       0.8982       0.8026       0.6861       0.5735       0.4773    
   0.3998       0.3382       0.2829       0.2342       0.1919       0.1558    
   0.1255       0.1003       0.9017E-01   0.7983E-01   0.6895E-01   0.5884E-01
   0.4919E-01   0.4027E-01   0.3406E-01   0.2878E-01   0.2428E-01   0.2045E-01
    0.000    
Stream   24
   0.9567       0.8982       0.8026       0.6861       0.5735       0.4773    
   0.3998       0.3382       0.2829       0.2342       0.1919       0.1558    
   0.1255       0.1003       0.9017E-01   0.7983E-01   0.6895E-01   0.5884E-01
   0.4919E-01   0.4027E-01   0.3406E-01   0.2878E-01   0.2428E-01   0.2045E-01
    0.000    
Stream   25
    0.000        0.000        0.000        0.000        0.000        0.000    
    0.000        0.000        0.000        0.000        0.000        0.000    
    0.000        0.000        0.000        0.000        0.000        0.000    
    0.000        0.000        0.000        0.000        0.000        0.000    
    0.000    
