ex1bV3                                                                          
   1   0   9   2  25  10   1   1   0   0   0
Ash 
Comb
0.7500E-010.5303E-010.3750E-010.2652E-010.1875E-010.1326E-010.9375E-020.6629E-02
0.4688E-020.3315E-020.2344E-020.1657E-020.1172E-020.8286E-030.5859E-030.4143E-03
0.2930E-030.2072E-030.1465E-030.1036E-030.7324E-040.5179E-040.3662E-040.2590E-04
0.1831E-04
0.2960E-010.9704    
0.5930E-010.9407    
0.1104    0.8896    
0.1607    0.8393    
0.2278    0.7722    
0.2899    0.7101    
0.3643    0.6357    
0.4571    0.5429    
0.5899    0.4101    
0.8152    0.1848    
   31
   1  10
  11   1
   0   0
   0   0
   0   0
   0   0
   0   0
  12  10
  22  10
 1.303     1.325     1.375     1.425     1.475     1.550     1.650     1.750    
 1.985     2.534     50.00     34.45     33.23     31.05     29.08     26.57    
 24.16     21.22     17.43     12.32     4.303    0.9900     1.130     1.830    
 1.680     1.260    0.9100    0.8300    0.5800    0.8800     2.380    
  25  10   1 252
   1
  0.277800E+02  0.000000E+00  0.507064E+00  0.685504E+00  0.113629E+01
  0.137069E+01  0.122292E+01  0.103971E+01  0.104628E+01  0.844227E+00
  0.747741E+00  0.651591E+00  0.560345E+00  0.476728E+00  0.402055E+00
  0.336688E+00  0.299291E+00  0.221253E+00  0.192988E+00  0.168026E+00
  0.154705E+00  0.141208E+00  0.958091E-01  0.804244E-01  0.676187E-01
  0.568511E-01  0.300189E+00  0.418294E+00  0.565495E+00  0.750382E+00
  0.905172E+00  0.897804E+00  0.763297E+00  0.486739E+00  0.392742E+00
  0.347856E+00  0.303126E+00  0.260677E+00  0.221778E+00  0.187039E+00
  0.156630E+00  0.674593E-01  0.498697E-01  0.434989E-01  0.378725E-01
  0.328779E-01  0.300096E-01  0.203599E-01  0.170906E-01  0.143693E-01
  0.120811E-01  0.637918E-01  0.255549E-01  0.345479E-01  0.198315E+00
  0.239224E+00  0.268446E+00  0.228228E+00  0.168487E+00  0.135949E+00
  0.120412E+00  0.104928E+00  0.902345E-01  0.767694E-01  0.647444E-01
  0.542181E-01  0.280289E-01  0.207205E-01  0.180735E-01  0.157357E-01
  0.101947E-01  0.930530E-02  0.630374E-02  0.529151E-02  0.444897E-02
  0.374051E-02  0.197509E-01  0.188300E-01  0.254564E-01  0.777182E-01
  0.937500E-01  0.131240E+00  0.111578E+00  0.894436E-01  0.721705E-01
  0.639222E-01  0.557026E-01  0.479023E-01  0.407541E-01  0.343705E-01
  0.287824E-01  0.152021E-01  0.112382E-01  0.980256E-02  0.853464E-02
  0.124885E-01  0.113990E-01  0.773285E-02  0.649114E-02  0.545758E-02
  0.458851E-02  0.242286E-01  0.322799E-01  0.436395E-01  0.535987E-01
  0.646552E-01  0.566720E-01  0.481815E-01  0.353614E-01  0.285325E-01
  0.252716E-01  0.220220E-01  0.189381E-01  0.161121E-01  0.135883E-01
  0.113791E-01  0.665092E-02  0.491673E-02  0.428862E-02  0.373390E-02
  0.535222E-02  0.488528E-02  0.330849E-02  0.277722E-02  0.233502E-02
  0.196319E-02  0.103662E-01  0.537999E-01  0.727325E-01  0.144717E+00
  0.174569E+00  0.107379E+00  0.912913E-01  0.499220E-01  0.402812E-01
  0.356775E-01  0.310898E-01  0.267361E-01  0.227465E-01  0.191835E-01
  0.160646E-01  0.104514E-01  0.772628E-02  0.673926E-02  0.586756E-02
  0.739116E-02  0.674634E-02  0.458098E-02  0.384538E-02  0.323310E-02
  0.271826E-02  0.143531E-01  0.497649E-01  0.672776E-01  0.911179E-01
  0.109914E+00  0.715857E-01  0.608609E-01  0.353614E-01  0.285325E-01
  0.252716E-01  0.220220E-01  0.189381E-01  0.161121E-01  0.135883E-01
  0.113791E-01  0.617586E-02  0.456553E-02  0.398229E-02  0.346720E-02
  0.433275E-02  0.395475E-02  0.268203E-02  0.225136E-02  0.189288E-02
  0.159146E-02  0.840334E-02  0.390049E-01  0.527311E-01  0.509188E-01
  0.614224E-01  0.536893E-01  0.456457E-01  0.291212E-01  0.234974E-01
  0.208119E-01  0.181357E-01  0.155961E-01  0.132688E-01  0.111904E-01
  0.937103E-02  0.427559E-02  0.316075E-02  0.275697E-02  0.240037E-02
  0.254868E-02  0.232632E-02  0.158572E-02  0.133109E-02  0.111915E-02
  0.940935E-03  0.496840E-02  0.121050E+00  0.163648E+00  0.107197E+00
  0.129310E+00  0.984304E-01  0.836837E-01  0.582423E-01  0.469948E-01
  0.416238E-01  0.362715E-01  0.311922E-01  0.265376E-01  0.223808E-01
  0.187421E-01  0.114016E-01  0.842867E-02  0.735192E-02  0.640098E-02
  0.688143E-02  0.628108E-02  0.426775E-02  0.358245E-02  0.301203E-02
  0.253239E-02  0.133717E-01  0.793548E-01  0.107280E+00  0.696784E-01
  0.840517E-01  0.745685E-01  0.633967E-01  0.811232E-01  0.654570E-01
  0.579760E-01  0.505210E-01  0.434462E-01  0.369630E-01  0.311732E-01
  0.261050E-01  0.261286E-01  0.193157E-01  0.168482E-01  0.146689E-01
  0.180956E-01  0.165169E-01  0.491379E-01  0.412475E-01  0.346798E-01
  0.291574E-01  0.153959E+00
   0
 2.000     0.000      25
 0.000     30.00       8
 0.000     0.000       0
 0.000     0.000       0
 0.000     0.000       0
 0.000     0.000       0
 0.000     30.00      10
 0.000     0.000       0
 0.000     30.00      13
 0.000     0.000       0
 0.000     0.000       0
 0.000     0.000       0
 0.000     0.000       0
 0.000     0.000       0
   3  30  -3
   2  SCRN
   1  MIXR
   3  SCR1
   4  DWSC
   5  DMCY
   1  MIXR
   1  MIXR
   6  DRUM
   1  MIXR
   7  WOCY
   1  MIXR
   1  MIXR
   1  MIXR
   8  NOP_
   1   7
   0   0
   8   3
  11   8
  19   3
   0   0
   0   0
  22   1
   0   0
  23   3
   0   0
   0   0
   0   0
   0   0
  0.94999997E-02  0.89999998E+00  0.40000000E+01  0.00000000E+00  0.00000000E+00
  0.00000000E+00  0.10000000E+01  0.60000003E-03  0.30000001E+00  0.20000000E+01
  0.73499999E+01  0.60000003E-03  0.36580000E+01  0.91399997E+00  0.15000000E+02
  0.30000000E+03  0.20000000E-01  0.45000000E+02  0.14100000E+01  0.30000001E+00
  0.10000000E+01  0.14400001E+01  0.10000000E+01  0.15599999E+01  0.20000000E+01
   0   0   6   1   1   6   1   6   6   6
   0   0   0
