   1  14   0  14  25  14   0   1   2
   1   2   3   4   5   6   7   8   9  10  11  12  13  14
   1   9   8   2   3   4   7   5  12   6  10  11  14  13
   0   0   0   0   0   0   0   0   0   0   0   0   0   0
   2   3   5   7   8   9  10  10  12  12  13  15  15  17  18  19  20  21  22  23
  24  24  25  25  25
   2  11   3   6   4   7   5   9  14  14  19  16  12  18  15  21  17  23  23  23
  20  20  22  22  24
   0   1   2   3   4   5   6   6   7   7   8   9   9  11  12  13  14  15  16  18
  19  21  24  25  25
   1   2   3   4   3   4   5   1  11   6   7  12   9  14  12   9  18  19  14  20
  21  15  16  17  23
   1
  22  24
   1   2   3   4   9   7   5  12  11  14  17  19  21  23
   0   0   0   0   0   0   0   0   0   0   0   0   0   0   0   0   0   0   0   0
   0   0   0   0   0
   0   0   0   0   0   0   0   0   0   0   0   0   0   0
    1  253    1 1009 1261  253    1    0 1009    0  505    1    0 1261  757 1513
  253  505 1261 1009    1 1261 1261  253    0
    1    0    0    0    0    0    0    0    0    0    0    0    0    0    0    0
    0    0    0    0    0    0    0    0    0
