MODSIM_LIB1.1
12
0.000000 0.000038 0.14130 0.04080 0.03040 0.00000 0.01190 0.00000 0.00030 0.00090 0.00000 0.12580 0.60870 0.04000
0.000038 0.000045 0.02450 0.06590 0.02970 0.00000 0.00140 0.00380 0.00170 0.00830 0.02840 0.10310 0.61080 0.12240
0.000045 0.000053 0.06510 0.08000 0.06770 0.05200 0.00020 0.00000 0.00050 0.00050 0.00480 0.13680 0.59210 0.00010
0.000053 0.000075 0.07340 0.04180 0.04870 0.04320 0.00350 0.00950 0.00060 0.00070 0.00000 0.26010 0.51060 0.00790
0.000075 0.000106 0.05120 0.07970 0.04600 0.06690 0.03840 0.00000 0.00410 0.00170 0.08760 0.26270 0.36160 0.00000
0.000106 0.000180 0.00410 0.10860 0.05980 0.08830 0.09260 0.12220 0.05530 0.05280 0.09490 0.25950 0.06190 0.00000
0.000180 0.000250 0.00000 0.11940 0.03010 0.12250 0.19880 0.18090 0.04250 0.05860 0.08260 0.16370 0.00080 0.00000
0.000250 0.000355 0.00000 0.03540 0.06680 0.22420 0.31950 0.14830 0.13690 0.06560 0.00290 0.00030 0.00000 0.00000
0.000355 0.000500 0.00080 0.00010 0.02440 0.45490 0.20530 0.23940 0.03920 0.03550 0.00010 0.00000 0.00000 0.00020
0.000500 0.000710 0.00000 0.00090 0.00030 0.25860 0.58600 0.07480 0.07590 0.00200 0.00060 0.00090 0.00000 0.00000
0.000710 0.001000 0.00000 0.00090 0.01080 0.26620 0.45840 0.24980 0.01130 0.00110 0.00020 0.00070 0.00050 0.00010
