Particle grade  Volume fraction
Relative particle size
  19
 22.6
 16.0
 11.3
 8.0
 5.7
 4.0
 2.8
 2.0
 1.4
 1.0
 0.71
 0.50
 0.35
 0.25
 0.18
 0.125
 0.088
 0.063
 0.044
Size by grade
10000
     0   189   464   589   606   658   582   446   317   189    63     0
     0   189   470   614   666   771   690   473   324   189    63     0
     0   190   473   627   712   771   690   505   334   192    63     0
     0   190   476   643   777   771   690   557   348   196    64     0
     0   190   479   662   777   771   690   557   366   201    64     0
     0   190   483   690   777   771   690   557   396   207    65     0
     0   190   489   690   777   771   690   557   396   217    66     0
     0   190   495   690   777   771   690   557   396   228    67     0
     0   191   495   690   777   771   690   557   396   228    69     0
     0     0     0 10000     0     0     0     0     0     0     0     0
     0  5089   997   690   553   477   431   405   396   411   552     0
     0  5089   997   690   553   477   431   405   396   411   552     0
     0  5089   997   690   553   477   431   405   396   411   552     0
     0  5089   997   690   553   477   431   405   396   411   552     0
   747  4418   944   662   536   466   425   403   398   418   583     0
  1221  3999   907   643   524   459   420   401   398   423   606     0
  1557  3705   879   627   514   452   416   399   399   427   624     0
  1829  3471   854   614   506   447   413   397   399   430   640     0
  2291  3079   810   589   490   436   406   394   399   435   671     0