   5      19.69    19.69  49.12  64.31
   5      15.98    15.98  40.79  65.83
   5      11.94    11.94  31.19  67.37
   5      19.52    19.51  48.85  64.53
   5      15.83    15.83  40.46  65.90
   5      11.97    11.97  31.27  67.36
   5      19.62    19.61  48.95  64.33
   5      15.92    15.92  40.60  65.74
   5      11.97    11.97  31.18  67.14
   5      11.98    11.98  35.26  70.99
   5      19.30    19.30  55.78  69.73
   5      15.57    15.57  45.44  70.44
   5      11.95    11.95  35.17  71.01
   5      19.42    19.42  55.97  69.56
   5      15.54    15.54  45.32  70.38
   5      11.98    11.98  35.26  70.99
   5      19.30    19.30  55.78  69.73
   5      15.57    15.57  45.44  70.44
   5      11.95    11.95  35.17  71.01
   5      19.42    19.42  55.97  69.56
   5      15.54    15.54  45.32  70.38
