SYSTEM DATA
SPL0_design3
NDGS   1 025 001 001
MINS 001
SPL0            
SIZE
5.0000E-3 3.5355E-3 2.5000E-3 1.7678E-3 1.2500E-3 8.8388E-4 6.2500E-4 4.4194E-4 
3.1250E-4 2.2097E-4 1.5625E-4 1.1049E-4 7.8125E-5 5.5243E-5 3.9063E-5 2.7621E-5 
1.9531E-5 1.3811E-5 9.7656E-6 6.9053E-6 4.8828E-6 3.4527E-6 2.4414E-6 1.7263E-6 
1.2207E-6 
SPGR
3.5000E+0 
GRDM
1.0000E+0
PHYP 001 001
3.5000E+0 

PLANT DATA
PLNT   1
SCMA 001 000 001
SCMA 002 001 002
SCMA 003 002 003
SCMA 004 003 004
SCMA 005 004 001
SCMA 009 005 006
SCMA 010 006 000
SCMA 008 004 005
SCMA 011 006 000
WTRF 001 006
0.00000E+0 73.80
WTRF 003 007
1.13890E+3 0.00
STRM 001   2
9.44450E+1 100.00
1.9547E-1 1.2388E-1 9.5223E-2 5.9693E-2 1.6025E-2 2.3742E-2 3.4024E-2 3.1458E-2 
3.4289E-2 4.3304E-2 4.8308E-2 5.9929E-2 5.1238E-2 2.3287E-2 2.1718E-2 1.8762E-2 
1.6219E-2 1.4021E-2 1.2120E-2 1.0477E-2 9.0573E-3 7.8296E-3 6.7683E-3 5.8509E-3 
3.7315E-2 
TEAR 0 0 0 0

RUN DATA
CONV 003
ITER 030
TOLM -3 
TYPE 001 MIXR 000 001
TYPE 002 GMSU 038 002
1.0100E+0 9.0000E-1 2.5000E+0 3.0000E+0 3.5000E+0 5.5000E-1 0.0000E+0 3.5000E-1 
2.5400E-1 2.5400E-1 2.0000E+1 5.0000E-1 7.0000E+1 2.5400E+1 6.1000E+0 1.0500E+1 
3.5000E+1 1.0000E+0 7.2000E+1 6.0000E+1 2.0000E-1 4.3000E-1 6.0000E+0 5.2500E-2 
4.3250E+1 4.0100E-2 2.5290E+1 3.0700E-2 1.4790E+1 2.3500E-2 8.6500E+0 1.7900E-2 
5.0600E+0 1.3700E-2 2.9600E+0 0.0000E+0 0.0000E+0 1.0000E+0 
TYPE 003 MIXR 000 003
TYPE 004 CYCL 013 004
6.5000E-1 3.1809E+0 3.2462E-1 4.9231E-1 2.0000E-1 7.4400E+0 7.0000E+0 1.0000E+0 
1.0000E+0 1.0000E+0 1.2000E-3 5.0000E-1 0.0000E+0 
TYPE 005 MIXR 000 015
TYPE 006 CYCL 013 018
1.0000E-1 8.2260E+0 2.7000E-1 3.5000E-1 2.0000E-1 2.9000E+1 1.5000E+2 1.0000E+0 
1.0000E+0 1.0000E+0 1.2000E-3 5.0000E-1 0.0000E+0 
OUTC
   0   0   6   1   1   6   1   6   6   6
STOP
