Bougainville                                                                    
   1   1  25   1
Ore 
 1.000    
    2
 2.700     50.00    
   1   2   1   5   9   1   1
   1
   7
  25   1   1
  0.2000E-01  0.1414E-01  0.1000E-01  0.7071E-02  0.5000E-02  0.3536E-02
  0.2500E-02  0.1768E-02  0.1250E-02  0.8839E-03  0.6250E-03  0.4419E-03
  0.3125E-03  0.2210E-03  0.1562E-03  0.1105E-03  0.7812E-04  0.5524E-04
  0.3906E-04  0.2762E-04  0.1953E-04  0.1381E-04  0.9766E-05  0.6905E-05
  0.4883E-05
 2 2   2   2
 127.8     0.000    
   1   1  25
  0.19270       2.3690       9.5920       18.860       19.490       12.150    
   10.210       7.2750       6.1390       4.7110       4.0860       3.4220    
   3.2100       3.0390       2.6470       2.2620       2.1950       3.1850    
   3.7400       2.6450       1.8700       1.3220      0.93500      0.66120    
   1.5960    
 2 2   3   5
 238.6     24.54    
   1   1  25
  0.41500       4.0303       14.131       25.773       26.441       17.997    
   16.080       13.420       13.308       13.619       16.027       15.725    
   7.5082       6.6692       6.3820       5.7911       5.3453       6.1106    
   6.3743       4.6451       3.3837       2.4691       1.8071       1.3266    
   3.8200    
 2 2   4   1
 238.6     59.65    
   1   1  25
  0.22276       1.6653       4.5513       6.9321       6.9705       5.8636    
   5.8876       6.1636       7.1910       8.9392       12.098       15.785    
   16.277       17.976       18.695       17.665       15.765       14.638    
   13.179       10.006       7.5724       5.7389       4.3628       3.3288    
   11.127    
 2 2   5   3
 238.6     122.9    
   1   1  25
  0.22276       1.6653       4.5513       6.9321       6.9705       5.8636    
   5.8876       6.1636       7.1910       8.9392       12.098       15.785    
   16.277       17.976       18.695       17.665       15.765       14.638    
   13.179       10.006       7.5724       5.7389       4.3628       3.3288    
   11.127    
 2 2   6   4
 111.1     24.58    
   1   1  25
  0.22276       1.6653       4.5513       6.9321       6.9705       5.8636    
   5.8876       6.1636       7.1910       8.9363       11.980       12.341    
   4.3083       3.6369       3.7404       3.5330       3.1531       2.9276    
   2.6357       2.0012       1.5145       1.1478      0.87256      0.66576    
   2.2255    
 2 2   7   4
 127.5     98.33    
   1   1  25
   0.0000       0.0000       0.0000       0.0000       0.0000       0.0000    
   0.0000      0.19073E-05  0.77248E-04  0.29078E-02  0.11803       3.4437    
   11.969       14.340       14.954       14.132       12.612       11.710    
   10.543       8.0046       6.0579       4.5911       3.4903       2.6630    
   8.9018    
 1 1   9
 35.11    
 1 1   8
 63.26    
 1 2   1
 127.8     0.000    
   1   1  25
  0.19270       2.3690       9.5920       18.860       19.490       12.150    
   10.210       7.2750       6.1390       4.7110       4.0860       3.4220    
   3.2100       3.0390       2.6470       2.2620       2.1950       3.1850    
   3.7400       2.6450       1.8700       1.3220      0.93500      0.66120    
   1.5960    
 1 2   7
 127.5     98.33    
   1   1  25
   0.0000       0.0000       0.0000       0.0000       0.0000       0.0000    
   0.0000      0.19073E-05  0.77248E-04  0.29078E-02  0.11803       3.4437    
   11.969       14.340       14.954       14.132       12.612       11.710    
   10.543       8.0046       6.0579       4.5911       3.4903       2.6630    
   8.9018    
 1 2   6
 110.8     24.54    
   1   1  25
  0.22230       1.6613       4.5394       6.9132       6.9510       5.8467    
   5.8704       6.1452       7.1691       8.9082       11.941       12.303    
   4.2982       3.6302       3.7350       3.5291       3.1503       2.9256    
   2.6343       2.0001       1.5137       1.1471      0.87205      0.66536    
   2.2240    
 199   0
