Bougainville                                                                    
   1   0   2   1  25   1   1   1   1   0   0
Ore 
0.2000E-010.1414E-010.1000E-010.7071E-020.5000E-020.3536E-020.2500E-020.1768E-02
0.1250E-020.8839E-030.6250E-030.4419E-030.3125E-030.2210E-030.1562E-030.1105E-03
0.7812E-040.5524E-040.3906E-040.2762E-040.1953E-040.1381E-040.9766E-050.6905E-05
0.4883E-05
 1.000    
 1.000    
    2
   1   1
   2   1
 2.700     50.00    
  25   1   1  27
   1
 127.8     0.000    0.1927     2.369     9.592     18.86     19.49     12.15    
 10.21     7.275     6.139     4.711     4.086     3.422     3.210     3.039    
 2.647     2.262     2.195     3.185     3.740     2.645     1.870     1.322    
0.9350    0.6612     1.596    
   6
 107.2     24.17     0.000     0.000     0.000    0.3762E-040.3204E-01 2.530    
 10.91     11.24     11.37     12.19     14.05     12.71     4.221     3.406    
 3.505     3.430     3.192     3.029     2.759     2.118     1.600     1.203    
0.9055    0.6830     2.145    
   0
 0.000     80.00       9
 0.000     0.000       0
 0.000     66.00       8
 0.000     0.000       0
 0.000     0.000       0
   3  30  -3
   2  HFSU
   1  MIXR
   1  MIXR
   3  CYCA
   1  MIXR
   1  15
  16   6
   0   0
  22   5
   0   0
0.6200    0.5510    -.3310     2.170    0.6960     0.000    0.7900     5.360    
 6.250     42.00     74.00     0.000     0.000     0.000     0.000     1.000    
0.2000     20.00     2.000     35.00     1600.    0.2000    0.8000    0.4000E-03
0.5000     3.000    
   0   0   6   1   1   6   1   6   6   6
   0   0   0
