SYSTEM DATA
Demo
NDGS   1 025 001 001
MINS 001
Rock            
SIZE
5.0000E-3 3.5355E-3 2.5000E-3 1.7678E-3 1.2500E-3 8.8388E-4 6.2500E-4 4.4194E-4 
3.1250E-4 2.2097E-4 1.5625E-4 1.1049E-4 7.8125E-5 5.5243E-5 3.9063E-5 2.7621E-5 
1.9531E-5 1.3811E-5 9.7656E-6 6.9053E-6 4.8828E-6 3.4527E-6 2.4414E-6 1.7263E-6 
1.2207E-6 
SPGR
2.7000E+0 
GRDM
1.0000E+0
PHYP 001 001
2.7000E+0 

PLANT DATA
PLNT   1
SCMA 001 000 002
SCMA 002 002 003
SCMA 003 003 001
SCMA 006 001 002
SCMA 004 003 000
WTRF 002 005
0.00000E+0 45.00
WTRF 001 007
0.00000E+0 70.00
STRM 001   2
2.77780E+1 100.00
1.4402E-3 1.2296E-2 4.5345E-2 9.5682E-2 1.3724E-1 1.5188E-1 1.4127E-1 1.1704E-1 
8.9779E-2 6.5379E-2 4.6070E-2 3.1748E-2 2.1555E-2 1.4526E-2 9.7016E-3 6.4121E-3 
4.2675E-3 2.8382E-3 1.7482E-3 1.1083E-3 7.8367E-4 5.5414E-4 3.9183E-4 2.7707E-4 
6.6890E-4 
TEAR 0 0 0 0

RUN DATA
CONV 003
ITER 030
TOLM -3 
TYPE 001 GMIL 015 002
7.0000E+0 7.0000E+0 7.0000E+0 0.0000E+0 5.5000E+1 0.0000E+0 1.5600E+0 7.6800E-1 
1.5670E+0 2.8100E+0 4.4100E-1 1.7140E+0 0.0000E+0 5.0100E-1 0.0000E+0 
TYPE 002 MIXR 000 003
TYPE 003 CYCL 013 001
3.8000E-1 3.0000E+0 2.0000E-1 1.6700E-1 1.1600E-1 3.0000E+0 5.0000E+0 1.0000E+0 
1.0000E+0 1.0000E+0 1.0000E-3 9.0000E-1 0.0000E+0 
OUTC
   0   0   6   1   1   6   1   6   6   6
STOP
