Demo                                                                            
   1   1  25   1
Rock
 1.000    
    1
 2.700    
   1   1   1   3   7   1   1
   1
   4
  25   1   1
  0.5000E-02  0.3536E-02  0.2500E-02  0.1768E-02  0.1250E-02  0.8839E-03
  0.6250E-03  0.4419E-03  0.3125E-03  0.2210E-03  0.1562E-03  0.1105E-03
  0.7812E-04  0.5524E-04  0.3906E-04  0.2762E-04  0.1953E-04  0.1381E-04
  0.9766E-05  0.6905E-05  0.4883E-05  0.3453E-05  0.2441E-05  0.1726E-05
  0.1221E-05
 2 2   2   2
 81.98     100.2    
   1   1  25
  0.63023E-01  0.43213       1.4232       2.8697       4.0830       4.6022    
   4.4989       4.1092       3.7339       3.5464       3.6300       3.9837    
   4.4388       4.5775       4.3847       4.0491       3.6739       3.2865    
   2.8973       2.5299       2.1900       1.8835       1.6137       1.3766    
   8.1003    
 2 2   3   3
 54.20     22.94    
   1   1  25
  0.63023E-01  0.43213       1.4232       2.8697       4.0830       4.6022    
   4.4989       4.1092       3.7339       3.5464       3.6298       3.9450    
   3.9554       3.1084       2.1013       1.4302       1.0554      0.84014    
  0.69826      0.59291      0.50670      0.43326      0.37022      0.31546    
   1.8552    
 2 2   4   3
 27.78     77.26    
   1   1  25
   0.0000       0.0000       0.0000       0.0000       0.0000       0.0000    
   0.0000       0.0000       0.0000       0.0000      0.16212E-03  0.38727E-01
  0.48335       1.4691       2.2834       2.6190       2.6184       2.4464    
   2.1990       1.9370       1.6833       1.4503       1.2435       1.0612    
   6.2451    
 2 2   6   1
 54.20     23.23    
   1   1  25
  0.23016E-01  0.90567E-01  0.16364      0.21187      0.27074      0.38324    
  0.57469      0.85804       1.2401       1.7304       2.3503       3.1018    
   3.8401       4.1740       4.1152       3.8710       3.5554       3.2077    
   2.8487       2.4991       2.1683       1.8682       1.6028       1.3689    
   8.0817    
 1 1   7
0.2903    
 1 1   5
 76.97    
 1 2   1
 27.78     0.000    
   1   1  25
  0.40006E-01  0.34156       1.2596       2.6579       3.8122       4.2189    
   3.9242       3.2511       2.4939       1.8161       1.2797      0.88190    
  0.59876      0.40350      0.26949      0.17811      0.11854      0.78840E-01
  0.48561E-01  0.30786E-01  0.21769E-01  0.15393E-01  0.10884E-01  0.76965E-02
  0.18581E-01
 1 2   4
 27.78     77.26    
   1   1  25
   0.0000       0.0000       0.0000       0.0000       0.0000       0.0000    
   0.0000       0.0000       0.0000       0.0000      0.16212E-03  0.38727E-01
  0.48335       1.4691       2.2834       2.6190       2.6184       2.4464    
   2.1990       1.9370       1.6833       1.4503       1.2435       1.0612    
   6.2451    
 1 2   6
 54.20     23.23    
   1   1  25
  0.23017E-01  0.90568E-01  0.16364      0.21187      0.27074      0.38324    
  0.57469      0.85804       1.2400       1.7303       2.3502       3.1018    
   3.8400       4.1740       4.1152       3.8710       3.5553       3.2077    
   2.8487       2.4991       2.1682       1.8681       1.6028       1.3689    
   8.0817    
 199   0
