Demo                                                                            
   1   0   1   1  25   1   1   1   1   0   0
Rock
0.5000E-020.3536E-020.2500E-020.1768E-020.1250E-020.8839E-030.6250E-030.4419E-03
0.3125E-030.2210E-030.1562E-030.1105E-030.7812E-040.5524E-040.3906E-040.2762E-04
0.1953E-040.1381E-040.9766E-050.6905E-050.4883E-050.3453E-050.2441E-050.1726E-05
0.1221E-05
 1.000    
 1.000    
    1
   1   1
 2.700    
  25   1   1  27
   1
  0.277780E+02  0.000000E+00  0.400059E-01  0.341558E+00  0.125959E+01
  0.265785E+01  0.381225E+01  0.421892E+01  0.392420E+01  0.325114E+01
  0.249388E+01  0.181610E+01  0.127973E+01  0.881896E+00  0.598755E+00
  0.403503E+00  0.269491E+00  0.178115E+00  0.118543E+00  0.788395E-01
  0.485615E-01  0.307864E-01  0.217688E-01  0.153929E-01  0.108843E-01
  0.769645E-02  0.185807E-01
   6
  0.542000E+02  0.232286E+02  0.230200E-01  0.905700E-01  0.163600E+00
  0.211900E+00  0.270700E+00  0.383200E+00  0.574700E+00  0.858000E+00
  0.124000E+01  0.173000E+01  0.235000E+01  0.310200E+01  0.384000E+01
  0.417400E+01  0.411500E+01  0.387100E+01  0.355500E+01  0.320800E+01
  0.284900E+01  0.249900E+01  0.216800E+01  0.186800E+01  0.160300E+01
  0.136900E+01  0.808200E+01
   0
 0.000     70.00       7
 0.000     45.00       5
 0.000     0.000       0
   3  30  -3
   2  GMIL
   1  MIXR
   3  CYCL
   1  15
   0   0
  16  13
  0.70000000E+01  0.70000000E+01  0.70000000E+01  0.00000000E+00  0.55000000E+02
  0.00000000E+00  0.15599999E+01  0.76800001E+00  0.15670000E+01  0.28099999E+01
  0.44100001E+00  0.17140000E+01  0.00000000E+00  0.50099999E+00  0.00000000E+00
  0.38000000E+00  0.30000000E+01  0.20000000E+00  0.16700000E+00  0.11600000E+00
  0.30000000E+01  0.50000000E+01  0.10000000E+01  0.10000000E+01  0.10000000E+01
  0.10000000E-02  0.89999998E+00  0.00000000E+00
   0   0   6   1   1   6   1   6   6   6
   0   0   0
